{
    "animation": [
        {
            "name": "Tool_s_L",
            "time": [0.0, 0.0167, 0.0333, 0.05, 0.0667, 0.0833, 0.1, 0.1167, 0.1333, 0.15, 0.1667, 0.1833, 0.2, 0.2167, 0.2333, 0.25, 0.2667, 0.2833, 0.3, 0.3167, 0.3333, 0.35, 0.3667, 0.3833, 0.4, 0.4167, 0.4333, 0.45, 0.4667, 0.4833, 0.5, 0.5167, 0.5333, 0.55, 0.5667, 0.5833, 0.6, 0.6167, 0.6333, 0.65, 0.6667, 0.6833, 0.7, 0.7167, 0.7333, 0.75, 0.7667, 0.7833, 0.8, 0.8167, 0.8333, 0.85, 0.8667, 0.8833, 0.9, 0.9167, 0.9333, 0.95, 0.9667, 0.9833, 1.0],
            "transform": [
                [0.074632, -0.176018, -0.981554, -0.103332, -0.861258, -0.507526, 0.025527, 0.898835, -0.502658, 0.843466, -0.189475, 0.548684, 0.0, 0.0, 0.0, 1.0],
                [0.075202, -0.17537, -0.981626, -0.103928, -0.861589, -0.507011, 0.024573, 0.898414, -0.502005, 0.84391, -0.189226, 0.543984, 0.0, 0.0, 0.0, 1.0],
                [0.076872, -0.173483, -0.981832, -0.105669, -0.862545, -0.50551, 0.021788, 0.897186, -0.500106, 0.845199, -0.188497, 0.532146, 0.0, 0.0, 0.0, 1.0],
                [0.079593, -0.170435, -0.982149, -0.108487, -0.86406, -0.503092, 0.017279, 0.895196, -0.497056, 0.84726, -0.187309, 0.516575, 0.0, 0.0, 0.0, 1.0],
                [0.08333, -0.166303, -0.982547, -0.112318, -0.866057, -0.49982, 0.011148, 0.892484, -0.49295, 0.850013, -0.185678, 0.50068, 0.0, 0.0, 0.0, 1.0],
                [0.088055, -0.161164, -0.982992, -0.117103, -0.868453, -0.495759, 0.003486, 0.889088, -0.487888, 0.853375, -0.183618, 0.487875, 0.0, 0.0, 0.0, 1.0],
                [0.093746, -0.155096, -0.983442, -0.122778, -0.871158, -0.490971, -0.005613, 0.885041, -0.481971, 0.857258, -0.18114, 0.48158, 0.0, 0.0, 0.0, 1.0],
                [0.100379, -0.148183, -0.983853, -0.129278, -0.874078, -0.48552, -0.016053, 0.880375, -0.475301, 0.861575, -0.17826, 0.481137, 0.0, 0.0, 0.0, 1.0],
                [0.107923, -0.140516, -0.984179, -0.136527, -0.877122, -0.479466, -0.027728, 0.875125, -0.467984, 0.866237, -0.174995, 0.483418, 0.0, 0.0, 0.0, 1.0],
                [0.116339, -0.132196, -0.984372, -0.144441, -0.880198, -0.472872, -0.040523, 0.869327, -0.460125, 0.871157, -0.171372, 0.488128, 0.0, 0.0, 0.0, 1.0],
                [0.125574, -0.123332, -0.984388, -0.152924, -0.883221, -0.465801, -0.05431, 0.86302, -0.451831, 0.876252, -0.167422, 0.494969, 0.0, 0.0, 0.0, 1.0],
                [0.135561, -0.114043, -0.984183, -0.161872, -0.886111, -0.458316, -0.068945, 0.856248, -0.443205, 0.881442, -0.163185, 0.503639, 0.0, 0.0, 0.0, 1.0],
                [0.146213, -0.104456, -0.983723, -0.171166, -0.888798, -0.450484, -0.08427, 0.849064, -0.434349, 0.886652, -0.158707, 0.513827, 0.0, 0.0, 0.0, 1.0],
                [0.157428, -0.094703, -0.982979, -0.180684, -0.891226, -0.442372, -0.100114, 0.841526, -0.425362, 0.891817, -0.154044, 0.525215, 0.0, 0.0, 0.0, 1.0],
                [0.169086, -0.08492, -0.981936, -0.190294, -0.89335, -0.434051, -0.116294, 0.833701, -0.416335, 0.896876, -0.149255, 0.537477, 0.0, 0.0, 0.0, 1.0],
                [0.181054, -0.075238, -0.980591, -0.199868, -0.895143, -0.425594, -0.132622, 0.825662, -0.407356, 0.901781, -0.144404, 0.550275, 0.0, 0.0, 0.0, 1.0],
                [0.193187, -0.065785, -0.978954, -0.209276, -0.89659, -0.417077, -0.148906, 0.817492, -0.398504, 0.906486, -0.139556, 0.563265, 0.0, 0.0, 0.0, 1.0],
                [0.205333, -0.05668, -0.977049, -0.218399, -0.897693, -0.40858, -0.164954, 0.809279, -0.389854, 0.91096, -0.134776, 0.576093, 0.0, 0.0, 0.0, 1.0],
                [0.217339, -0.048026, -0.974914, -0.227127, -0.898467, -0.400184, -0.180582, 0.801116, -0.381473, 0.915175, -0.130126, 0.588399, 0.0, 0.0, 0.0, 1.0],
                [0.229051, -0.039913, -0.972596, -0.235365, -0.898938, -0.391973, -0.195619, 0.793098, -0.373424, 0.91911, -0.125661, 0.599818, 0.0, 0.0, 0.0, 1.0],
                [0.240323, -0.032409, -0.970152, -0.243036, -0.899144, -0.384032, -0.209904, 0.785321, -0.365766, 0.92275, -0.121433, 0.609978, 0.0, 0.0, 0.0, 1.0],
                [0.251016, -0.025569, -0.967645, -0.250076, -0.899126, -0.376446, -0.223294, 0.777882, -0.358557, 0.926085, -0.117484, 0.618509, 0.0, 0.0, 0.0, 1.0],
                [0.261003, -0.019428, -0.965142, -0.256442, -0.898931, -0.369304, -0.235664, 0.770874, -0.351852, 0.929106, -0.113854, 0.625037, 0.0, 0.0, 0.0, 1.0],
                [0.270166, -0.014004, -0.962712, -0.262101, -0.898608, -0.362688, -0.246901, 0.764389, -0.345707, 0.931805, -0.11057, 0.629191, 0.0, 0.0, 0.0, 1.0],
                [0.278398, -0.009306, -0.96042, -0.267036, -0.898205, -0.356686, -0.256908, 0.758513, -0.340178, 0.934178, -0.10766, 0.630599, 0.0, 0.0, 0.0, 1.0],
                [0.285604, -0.005333, -0.958333, -0.271236, -0.897768, -0.351381, -0.265599, 0.753329, -0.335324, 0.936217, -0.105143, 0.625321, 0.0, 0.0, 0.0, 1.0],
                [0.291691, -0.002077, -0.95651, -0.274698, -0.897339, -0.346858, -0.272894, 0.748918, -0.331206, 0.937915, -0.103039, 0.611372, 0.0, 0.0, 0.0, 1.0],
                [0.296576, 0.000466, -0.955009, -0.277417, -0.896957, -0.343198, -0.278716, 0.745357, -0.327888, 0.939262, -0.101366, 0.591311, 0.0, 0.0, 0.0, 1.0],
                [0.300175, 0.002301, -0.953881, -0.279386, -0.896653, -0.340485, -0.282987, 0.742721, -0.325433, 0.940247, -0.100142, 0.567702, 0.0, 0.0, 0.0, 1.0],
                [0.302401, 0.003419, -0.953174, -0.280591, -0.896457, -0.338798, -0.285623, 0.741084, -0.32391, 0.940853, -0.099388, 0.54311, 0.0, 0.0, 0.0, 1.0],
                [0.303165, 0.0038, -0.95293, -0.281001, -0.896388, -0.338218, -0.286526, 0.740522, -0.323387, 0.94106, -0.09913, 0.520103, 0.0, 0.0, 0.0, 1.0],
                [0.302402, 0.003419, -0.953174, -0.280591, -0.896457, -0.338798, -0.285623, 0.741084, -0.32391, 0.940853, -0.099388, 0.500792, 0.0, 0.0, 0.0, 1.0],
                [0.300175, 0.002301, -0.953881, -0.279387, -0.896654, -0.340485, -0.282987, 0.742721, -0.325433, 0.940247, -0.100142, 0.48544, 0.0, 0.0, 0.0, 1.0],
                [0.296576, 0.000466, -0.955009, -0.277417, -0.896957, -0.343198, -0.278716, 0.745357, -0.327888, 0.939262, -0.101366, 0.47385, 0.0, 0.0, 0.0, 1.0],
                [0.291691, -0.002077, -0.956511, -0.274698, -0.89734, -0.346858, -0.272894, 0.748918, -0.331206, 0.937915, -0.10304, 0.465832, 0.0, 0.0, 0.0, 1.0],
                [0.285603, -0.005333, -0.958333, -0.271236, -0.897768, -0.351381, -0.265599, 0.753329, -0.335324, 0.936217, -0.105143, 0.461193, 0.0, 0.0, 0.0, 1.0],
                [0.278398, -0.009306, -0.960421, -0.267036, -0.898206, -0.356686, -0.256908, 0.758513, -0.340178, 0.934178, -0.10766, 0.459747, 0.0, 0.0, 0.0, 1.0],
                [0.270166, -0.014004, -0.962712, -0.262101, -0.898609, -0.362688, -0.246901, 0.764389, -0.345707, 0.931805, -0.11057, 0.461386, 0.0, 0.0, 0.0, 1.0],
                [0.261003, -0.019428, -0.965143, -0.256442, -0.898931, -0.369303, -0.235664, 0.770874, -0.351852, 0.929106, -0.113854, 0.465904, 0.0, 0.0, 0.0, 1.0],
                [0.251016, -0.02557, -0.967645, -0.250076, -0.899126, -0.376447, -0.223294, 0.777882, -0.358557, 0.926085, -0.117484, 0.472969, 0.0, 0.0, 0.0, 1.0],
                [0.240323, -0.03241, -0.970152, -0.243036, -0.899144, -0.384032, -0.209904, 0.785321, -0.365766, 0.92275, -0.121433, 0.482249, 0.0, 0.0, 0.0, 1.0],
                [0.229051, -0.039913, -0.972596, -0.235365, -0.898938, -0.391973, -0.195619, 0.793098, -0.373424, 0.91911, -0.125661, 0.493416, 0.0, 0.0, 0.0, 1.0],
                [0.217338, -0.048026, -0.974914, -0.227127, -0.898467, -0.400184, -0.180582, 0.801116, -0.381473, 0.915175, -0.130126, 0.506137, 0.0, 0.0, 0.0, 1.0],
                [0.205333, -0.05668, -0.977049, -0.218398, -0.897693, -0.40858, -0.164953, 0.80928, -0.389854, 0.91096, -0.134776, 0.52008, 0.0, 0.0, 0.0, 1.0],
                [0.193187, -0.065785, -0.978954, -0.209276, -0.89659, -0.417077, -0.148906, 0.817492, -0.398504, 0.906487, -0.139556, 0.534907, 0.0, 0.0, 0.0, 1.0],
                [0.181054, -0.075238, -0.980591, -0.199868, -0.895143, -0.425594, -0.132622, 0.825662, -0.407356, 0.90178, -0.144404, 0.550275, 0.0, 0.0, 0.0, 1.0],
                [0.169086, -0.08492, -0.981936, -0.190294, -0.89335, -0.434051, -0.116294, 0.833701, -0.416335, 0.896877, -0.149255, 0.565835, 0.0, 0.0, 0.0, 1.0],
                [0.157428, -0.094703, -0.982979, -0.180684, -0.891226, -0.442373, -0.100114, 0.841526, -0.425362, 0.891817, -0.154044, 0.581228, 0.0, 0.0, 0.0, 1.0],
                [0.146213, -0.104456, -0.983723, -0.171166, -0.888798, -0.450485, -0.084269, 0.849064, -0.43435, 0.886652, -0.158707, 0.596089, 0.0, 0.0, 0.0, 1.0],
                [0.135561, -0.114043, -0.984184, -0.161871, -0.886111, -0.458316, -0.068944, 0.856248, -0.443205, 0.881442, -0.163185, 0.61004, 0.0, 0.0, 0.0, 1.0],
                [0.125574, -0.123332, -0.984388, -0.152924, -0.883221, -0.465801, -0.05431, 0.86302, -0.451831, 0.876252, -0.167422, 0.622697, 0.0, 0.0, 0.0, 1.0],
                [0.116339, -0.132196, -0.984373, -0.14444, -0.880199, -0.472872, -0.040523, 0.869327, -0.460125, 0.871158, -0.171372, 0.633668, 0.0, 0.0, 0.0, 1.0],
                [0.107923, -0.140516, -0.984179, -0.136527, -0.877122, -0.479466, -0.027728, 0.875125, -0.467984, 0.866237, -0.174995, 0.642551, 0.0, 0.0, 0.0, 1.0],
                [0.100379, -0.148183, -0.983853, -0.129278, -0.874078, -0.485519, -0.016052, 0.880375, -0.475301, 0.861575, -0.17826, 0.648942, 0.0, 0.0, 0.0, 1.0],
                [0.093746, -0.155096, -0.983441, -0.122778, -0.871158, -0.490971, -0.005613, 0.885041, -0.48197, 0.857259, -0.18114, 0.652431, 0.0, 0.0, 0.0, 1.0],
                [0.088055, -0.161164, -0.982992, -0.117102, -0.868453, -0.495759, 0.003486, 0.889088, -0.487888, 0.853375, -0.183618, 0.646071, 0.0, 0.0, 0.0, 1.0],
                [0.08333, -0.166304, -0.982547, -0.112318, -0.866057, -0.499819, 0.011148, 0.892484, -0.49295, 0.850013, -0.185678, 0.627236, 0.0, 0.0, 0.0, 1.0],
                [0.079593, -0.170435, -0.982149, -0.108487, -0.86406, -0.503092, 0.01728, 0.895196, -0.497056, 0.84726, -0.187309, 0.602001, 0.0, 0.0, 0.0, 1.0],
                [0.076872, -0.173483, -0.981832, -0.10567, -0.862545, -0.50551, 0.021787, 0.897186, -0.500106, 0.8452, -0.188496, 0.576441, 0.0, 0.0, 0.0, 1.0],
                [0.075202, -0.17537, -0.981626, -0.103928, -0.861589, -0.507011, 0.024573, 0.898414, -0.502004, 0.84391, -0.189226, 0.556639, 0.0, 0.0, 0.0, 1.0],
                [0.074632, -0.176018, -0.981554, -0.103332, -0.861258, -0.507526, 0.025527, 0.898835, -0.502658, 0.843466, -0.189474, 0.548684, 0.0, 0.0, 0.0, 1.0]
            ]
        },
        {
            "name": "Tool_s_R",
            "time": [0.0, 0.0167, 0.0333, 0.05, 0.0667, 0.0833, 0.1, 0.1167, 0.1333, 0.15, 0.1667, 0.1833, 0.2, 0.2167, 0.2333, 0.25, 0.2667, 0.2833, 0.3, 0.3167, 0.3333, 0.35, 0.3667, 0.3833, 0.4, 0.4167, 0.4333, 0.45, 0.4667, 0.4833, 0.5, 0.5167, 0.5333, 0.55, 0.5667, 0.5833, 0.6, 0.6167, 0.6333, 0.65, 0.6667, 0.6833, 0.7, 0.7167, 0.7333, 0.75, 0.7667, 0.7833, 0.8, 0.8167, 0.8333, 0.85, 0.8667, 0.8833, 0.9, 0.9167, 0.9333, 0.95, 0.9667, 0.9833, 1.0],
            "transform": [
                [0.91, -0.414157, 0.019376, 0.600704, 0.240363, 0.488901, -0.838571, -0.256791, 0.337827, 0.767757, 0.544447, 0.955451, 0.0, 0.0, 0.0, 1.0],
                [0.909952, -0.414201, 0.0206, 0.600982, 0.240881, 0.487449, -0.839268, -0.256036, 0.337584, 0.768656, 0.543329, 0.950448, 0.0, 0.0, 0.0, 1.0],
                [0.909812, -0.414316, 0.024169, 0.601787, 0.242397, 0.483214, -0.841277, -0.25383, 0.336876, 0.771263, 0.540063, 0.937726, 0.0, 0.0, 0.0, 1.0],
                [0.909577, -0.414456, 0.029943, 0.603072, 0.244859, 0.476364, -0.844465, -0.250258, 0.33573, 0.775438, 0.534772, 0.920715, 0.0, 0.0, 0.0, 1.0],
                [0.909239, -0.414556, 0.037793, 0.604785, 0.248221, 0.46705, -0.848676, -0.245392, 0.334173, 0.78103, 0.527561, 0.902843, 0.0, 0.0, 0.0, 1.0],
                [0.908788, -0.414535, 0.047593, 0.606869, 0.252444, 0.455417, -0.853737, -0.239299, 0.332229, 0.787881, 0.518524, 0.887542, 0.0, 0.0, 0.0, 1.0],
                [0.908212, -0.414299, 0.059218, 0.609259, 0.257488, 0.441607, -0.859467, -0.232048, 0.329926, 0.795826, 0.50775, 0.878244, 0.0, 0.0, 0.0, 1.0],
                [0.907497, -0.41375, 0.072535, 0.61189, 0.263309, 0.425766, -0.865674, -0.223706, 0.32729, 0.804696, 0.495325, 0.874305, 0.0, 0.0, 0.0, 1.0],
                [0.906626, -0.412784, 0.087399, 0.614688, 0.269858, 0.408044, -0.872167, -0.214347, 0.324354, 0.814316, 0.481337, 0.872616, 0.0, 0.0, 0.0, 1.0],
                [0.905588, -0.411299, 0.10365, 0.617579, 0.277076, 0.388607, -0.878757, -0.204054, 0.321153, 0.824511, 0.465879, 0.872903, 0.0, 0.0, 0.0, 1.0],
                [0.904371, -0.409203, 0.121107, 0.620486, 0.284891, 0.367631, -0.88526, -0.19292, 0.317728, 0.835105, 0.449053, 0.874901, 0.0, 0.0, 0.0, 1.0],
                [0.902967, -0.406413, 0.139571, 0.623331, 0.293221, 0.345314, -0.891504, -0.181049, 0.314123, 0.845924, 0.430975, 0.878344, 0.0, 0.0, 0.0, 1.0],
                [0.901373, -0.402866, 0.158824, 0.626041, 0.30197, 0.321866, -0.897339, -0.168558, 0.310388, 0.856797, 0.411774, 0.882971, 0.0, 0.0, 0.0, 1.0],
                [0.899596, -0.398522, 0.178628, 0.628549, 0.311032, 0.297519, -0.90263, -0.155576, 0.306573, 0.867561, 0.3916, 0.888524, 0.0, 0.0, 0.0, 1.0],
                [0.897644, -0.393369, 0.198738, 0.630795, 0.320294, 0.272519, -0.907273, -0.142245, 0.302733, 0.878063, 0.370618, 0.894743, 0.0, 0.0, 0.0, 1.0],
                [0.895537, -0.387423, 0.218898, 0.632732, 0.329634, 0.247125, -0.911192, -0.128711, 0.298922, 0.888163, 0.349017, 0.901368, 0.0, 0.0, 0.0, 1.0],
                [0.893302, -0.380735, 0.238855, 0.634327, 0.33893, 0.221604, -0.91434, -0.115129, 0.29519, 0.897737, 0.327002, 0.908136, 0.0, 0.0, 0.0, 1.0],
                [0.890971, -0.373388, 0.258364, 0.635561, 0.348062, 0.196231, -0.916704, -0.101655, 0.291587, 0.906684, 0.304798, 0.914778, 0.0, 0.0, 0.0, 1.0],
                [0.888583, -0.365492, 0.277195, 0.636432, 0.356915, 0.171277, -0.9183, -0.088442, 0.288154, 0.914921, 0.282643, 0.921019, 0.0, 0.0, 0.0, 1.0],
                [0.886177, -0.357188, 0.29514, 0.636953, 0.365385, 0.147012, -0.919174, -0.075641, 0.284929, 0.922391, 0.26079, 0.926574, 0.0, 0.0, 0.0, 1.0],
                [0.883797, -0.348638, 0.312016, 0.637153, 0.373379, 0.123696, -0.919395, -0.063393, 0.281941, 0.929059, 0.239496, 0.93115, 0.0, 0.0, 0.0, 1.0],
                [0.881488, -0.34002, 0.327668, 0.637069, 0.380816, 0.101582, -0.919054, -0.051831, 0.279212, 0.934916, 0.219028, 0.934442, 0.0, 0.0, 0.0, 1.0],
                [0.879289, -0.331524, 0.341969, 0.636753, 0.38763, 0.080908, -0.918257, -0.041075, 0.276756, 0.939971, 0.19965, 0.936135, 0.0, 0.0, 0.0, 1.0],
                [0.877241, -0.323345, 0.354819, 0.636262, 0.393768, 0.061903, -0.917123, -0.031238, 0.274583, 0.944254, 0.181627, 0.935906, 0.0, 0.0, 0.0, 1.0],
                [0.875378, -0.315681, 0.366141, 0.635654, 0.399188, 0.044783, -0.915775, -0.022423, 0.272696, 0.947808, 0.165218, 0.933426, 0.0, 0.0, 0.0, 1.0],
                [0.873732, -0.308727, 0.375873, 0.634994, 0.403855, 0.029753, -0.914339, -0.014721, 0.271097, 0.950685, 0.150677, 0.924787, 0.0, 0.0, 0.0, 1.0],
                [0.872331, -0.302668, 0.383966, 0.634343, 0.407743, 0.017015, -0.912938, -0.008223, 0.269785, 0.952944, 0.138253, 0.908028, 0.0, 0.0, 0.0, 1.0],
                [0.871202, -0.297686, 0.390372, 0.633758, 0.410825, 0.006763, -0.911689, -0.003014, 0.268757, 0.95464, 0.128188, 0.885736, 0.0, 0.0, 0.0, 1.0],
                [0.870367, -0.293945, 0.395041, 0.633291, 0.413073, -0.000809, -0.910698, 0.000822, 0.268014, 0.955822, 0.120717, 0.860496, 0.0, 0.0, 0.0, 1.0],
                [0.86985, -0.2916, 0.397908, 0.632987, 0.414455, -0.005502, -0.910053, 0.003194, 0.267561, 0.956524, 0.116069, 0.834901, 0.0, 0.0, 0.0, 1.0],
                [0.869672, -0.290791, 0.398888, 0.63288, 0.414927, -0.007113, -0.909827, 0.004007, 0.267407, 0.95676, 0.114471, 0.811552, 0.0, 0.0, 0.0, 1.0],
                [0.86985, -0.2916, 0.397908, 0.632987, 0.414455, -0.005502, -0.910053, 0.003194, 0.267561, 0.956524, 0.116069, 0.792584, 0.0, 0.0, 0.0, 1.0],
                [0.870367, -0.293945, 0.395041, 0.633291, 0.413073, -0.000809, -0.910697, 0.000822, 0.268014, 0.955822, 0.120717, 0.778234, 0.0, 0.0, 0.0, 1.0],
                [0.871202, -0.297685, 0.390372, 0.633758, 0.410825, 0.006763, -0.911689, -0.003014, 0.268757, 0.95464, 0.128188, 0.768276, 0.0, 0.0, 0.0, 1.0],
                [0.872331, -0.302669, 0.383966, 0.634343, 0.407743, 0.017015, -0.912938, -0.008223, 0.269785, 0.952944, 0.138253, 0.762488, 0.0, 0.0, 0.0, 1.0],
                [0.873732, -0.308727, 0.375873, 0.634994, 0.403855, 0.029753, -0.914339, -0.014721, 0.271097, 0.950685, 0.150677, 0.760658, 0.0, 0.0, 0.0, 1.0],
                [0.875378, -0.315681, 0.366141, 0.635654, 0.399187, 0.044783, -0.915775, -0.022423, 0.272696, 0.947808, 0.165218, 0.762575, 0.0, 0.0, 0.0, 1.0],
                [0.877241, -0.323345, 0.354819, 0.636261, 0.393768, 0.061903, -0.917123, -0.031238, 0.274583, 0.944254, 0.181627, 0.768102, 0.0, 0.0, 0.0, 1.0],
                [0.879289, -0.331523, 0.341969, 0.636753, 0.387629, 0.080908, -0.918258, -0.041075, 0.276756, 0.939971, 0.19965, 0.777002, 0.0, 0.0, 0.0, 1.0],
                [0.881488, -0.34002, 0.327667, 0.637069, 0.380816, 0.101582, -0.919054, -0.051831, 0.279212, 0.934916, 0.219028, 0.788901, 0.0, 0.0, 0.0, 1.0],
                [0.883797, -0.348638, 0.312015, 0.637152, 0.373378, 0.123696, -0.919395, -0.063393, 0.281941, 0.929059, 0.239496, 0.803421, 0.0, 0.0, 0.0, 1.0],
                [0.886177, -0.357188, 0.29514, 0.636953, 0.365385, 0.147012, -0.919174, -0.075641, 0.284929, 0.922391, 0.26079, 0.820173, 0.0, 0.0, 0.0, 1.0],
                [0.888582, -0.365492, 0.277195, 0.636432, 0.356915, 0.171277, -0.9183, -0.088443, 0.288154, 0.914921, 0.282643, 0.838758, 0.0, 0.0, 0.0, 1.0],
                [0.890971, -0.373387, 0.258364, 0.635561, 0.348062, 0.196231, -0.916704, -0.101655, 0.291587, 0.906684, 0.304798, 0.858765, 0.0, 0.0, 0.0, 1.0],
                [0.893303, -0.380735, 0.238855, 0.634327, 0.33893, 0.221604, -0.91434, -0.115129, 0.29519, 0.897737, 0.327002, 0.879778, 0.0, 0.0, 0.0, 1.0],
                [0.895538, -0.387423, 0.218898, 0.632732, 0.329634, 0.247125, -0.911192, -0.128711, 0.298922, 0.888163, 0.349017, 0.901368, 0.0, 0.0, 0.0, 1.0],
                [0.897644, -0.393369, 0.198738, 0.630795, 0.320294, 0.272519, -0.907273, -0.142245, 0.302733, 0.878063, 0.370619, 0.923101, 0.0, 0.0, 0.0, 1.0],
                [0.899595, -0.398522, 0.178628, 0.628549, 0.311032, 0.297519, -0.90263, -0.155576, 0.306573, 0.867561, 0.3916, 0.944537, 0.0, 0.0, 0.0, 1.0],
                [0.901373, -0.402866, 0.158823, 0.626041, 0.301969, 0.321866, -0.897339, -0.168558, 0.310387, 0.856797, 0.411774, 0.965233, 0.0, 0.0, 0.0, 1.0],
                [0.902967, -0.406413, 0.139571, 0.623331, 0.29322, 0.345314, -0.891504, -0.181049, 0.314123, 0.845924, 0.430975, 0.984745, 0.0, 0.0, 0.0, 1.0],
                [0.904371, -0.409203, 0.121107, 0.620486, 0.284891, 0.367632, -0.88526, -0.19292, 0.317728, 0.835105, 0.449053, 1.002629, 0.0, 0.0, 0.0, 1.0],
                [0.905588, -0.411299, 0.10365, 0.617579, 0.277076, 0.388607, -0.878757, -0.204054, 0.321153, 0.824511, 0.465879, 1.018443, 0.0, 0.0, 0.0, 1.0],
                [0.906626, -0.412783, 0.087399, 0.614688, 0.269858, 0.408044, -0.872167, -0.214347, 0.324354, 0.814316, 0.481337, 1.031749, 0.0, 0.0, 0.0, 1.0],
                [0.907497, -0.41375, 0.072535, 0.61189, 0.263309, 0.425766, -0.865674, -0.223706, 0.32729, 0.804696, 0.495325, 1.04211, 0.0, 0.0, 0.0, 1.0],
                [0.908212, -0.414299, 0.059218, 0.609259, 0.257488, 0.441607, -0.859467, -0.232048, 0.329925, 0.795826, 0.50775, 1.049095, 0.0, 0.0, 0.0, 1.0],
                [0.908788, -0.414535, 0.047593, 0.606869, 0.252444, 0.455417, -0.853737, -0.2393, 0.332229, 0.787881, 0.518524, 1.045738, 0.0, 0.0, 0.0, 1.0],
                [0.909239, -0.414556, 0.037792, 0.604785, 0.248221, 0.46705, -0.848676, -0.245392, 0.334173, 0.78103, 0.527561, 1.0294, 0.0, 0.0, 0.0, 1.0],
                [0.909577, -0.414456, 0.029943, 0.603072, 0.244858, 0.476364, -0.844465, -0.250258, 0.33573, 0.775438, 0.534772, 1.00614, 0.0, 0.0, 0.0, 1.0],
                [0.909812, -0.414316, 0.024169, 0.601787, 0.242397, 0.483214, -0.841277, -0.25383, 0.336876, 0.771263, 0.540063, 0.982021, 0.0, 0.0, 0.0, 1.0],
                [0.909952, -0.414201, 0.0206, 0.600982, 0.240881, 0.487449, -0.839267, -0.256036, 0.337584, 0.768656, 0.543329, 0.963104, 0.0, 0.0, 0.0, 1.0],
                [0.91, -0.414157, 0.019376, 0.600704, 0.240363, 0.488901, -0.838571, -0.256791, 0.337827, 0.767757, 0.544447, 0.955451, 0.0, 0.0, 0.0, 1.0]
            ]
        },
        {
            "name": "Leg_ik_L",
            "time": [0.0, 0.0167, 0.0333, 0.05, 0.0667, 0.0833, 0.1, 0.1167, 0.1333, 0.15, 0.1667, 0.1833, 0.2, 0.2167, 0.2333, 0.25, 0.2667, 0.2833, 0.3, 0.3167, 0.3333, 0.35, 0.3667, 0.3833, 0.4, 0.4167, 0.4333, 0.45, 0.4667, 0.4833, 0.5, 0.5167, 0.5333, 0.55, 0.5667, 0.5833, 0.6, 0.6167, 0.6333, 0.65, 0.6667, 0.6833, 0.7, 0.7167, 0.7333, 0.75, 0.7667, 0.7833, 0.8, 0.8167, 0.8333, 0.85, 0.8667, 0.8833, 0.9, 0.9167, 0.9333, 0.95, 0.9667, 0.9833, 1.0],
            "transform": [
                [1.0, 0.0, 1e-06, -0.125011, 0.0, 1.0, -0.0, -0.595657, -1e-06, 0.0, 1.0, 0.455372, 0.0, 0.0, 0.0, 1.0],
                [1.0, 0.0, 1e-06, -0.125011, 0.0, 1.0, -0.0, -0.588784, -1e-06, 0.0, 1.0, 0.4519, 0.0, 0.0, 0.0, 1.0],
                [1.0, 0.0, 1e-06, -0.125011, 0.0, 1.0, -0.0, -0.569116, -1e-06, 0.0, 1.0, 0.442156, 0.0, 0.0, 0.0, 1.0],
                [1.0, 0.0, 1e-06, -0.125011, 0.0, 1.0, -0.0, -0.538081, -1e-06, 0.0, 1.0, 0.427153, 0.0, 0.0, 0.0, 1.0],
                [1.0, 0.0, 1e-06, -0.125011, 0.0, 1.0, -0.0, -0.497107, -1e-06, 0.0, 1.0, 0.407901, 0.0, 0.0, 0.0, 1.0],
                [1.0, 0.0, 1e-06, -0.125011, 0.0, 1.0, -0.0, -0.447621, -1e-06, 0.0, 1.0, 0.385413, 0.0, 0.0, 0.0, 1.0],
                [1.0, 0.0, 1e-06, -0.125011, 0.0, 1.0, -0.0, -0.391051, -1e-06, 0.0, 1.0, 0.3607, 0.0, 0.0, 0.0, 1.0],
                [1.0, 0.0, 1e-06, -0.125011, 0.0, 1.0, -0.0, -0.328825, -1e-06, 0.0, 1.0, 0.334773, 0.0, 0.0, 0.0, 1.0],
                [1.0, 0.0, 1e-06, -0.125011, 0.0, 1.0, -0.0, -0.26237, -1e-06, 0.0, 1.0, 0.308643, 0.0, 0.0, 0.0, 1.0],
                [1.0, 0.0, 1e-06, -0.125011, 0.0, 1.0, -0.0, -0.193113, -1e-06, 0.0, 1.0, 0.283323, 0.0, 0.0, 0.0, 1.0],
                [1.0, 0.0, 1e-06, -0.125011, 0.0, 1.0, -0.0, -0.122483, -1e-06, 0.0, 1.0, 0.259824, 0.0, 0.0, 0.0, 1.0],
                [1.0, 0.0, 1e-06, -0.125011, 0.0, 1.0, -0.0, -0.051907, -1e-06, 0.0, 1.0, 0.239156, 0.0, 0.0, 0.0, 1.0],
                [1.0, 0.0, 1e-06, -0.125011, 0.0, 1.0, -0.0, 0.017187, -1e-06, 0.0, 1.0, 0.222332, 0.0, 0.0, 0.0, 1.0],
                [1.0, 0.0, 1e-06, -0.125011, 0.0, 1.0, -0.0, 0.083533, -1e-06, 0.0, 1.0, 0.210053, 0.0, 0.0, 0.0, 1.0],
                [1.0, 0.0, 1e-06, -0.125011, 0.0, 1.0, -0.0, 0.146512, -1e-06, 0.0, 1.0, 0.201776, 0.0, 0.0, 0.0, 1.0],
                [1.0, 0.0, 1e-06, -0.125011, 0.0, 1.0, -0.0, 0.205666, -1e-06, 0.0, 1.0, 0.196651, 0.0, 0.0, 0.0, 1.0],
                [1.0, 0.0, 1e-06, -0.125011, 0.0, 1.0, -0.0, 0.260537, -1e-06, 0.0, 1.0, 0.193826, 0.0, 0.0, 0.0, 1.0],
                [1.0, 0.0, 1e-06, -0.125011, 0.0, 1.0, -0.0, 0.310668, -1e-06, 0.0, 1.0, 0.192448, 0.0, 0.0, 0.0, 1.0],
                [1.0, 0.0, 1e-06, -0.125011, 0.0, 1.0, -0.0, 0.355599, -1e-06, 0.0, 1.0, 0.191666, 0.0, 0.0, 0.0, 1.0],
                [1.0, 0.0, 1e-06, -0.125011, 0.0, 1.0, -0.0, 0.394875, -1e-06, 0.0, 1.0, 0.190628, 0.0, 0.0, 0.0, 1.0],
                [1.0, 0.0, 1e-06, -0.125011, 0.0, 1.0, -0.0, 0.428036, -1e-06, 0.0, 1.0, 0.188482, 0.0, 0.0, 0.0, 1.0],
                [1.0, 0.0, 1e-06, -0.125011, 0.0, 1.0, -0.0, 0.454625, -1e-06, 0.0, 1.0, 0.184376, 0.0, 0.0, 0.0, 1.0],
                [1.0, 0.0, 1e-06, -0.125011, 0.0, 1.0, -0.0, 0.474183, -1e-06, 0.0, 1.0, 0.177459, 0.0, 0.0, 0.0, 1.0],
                [1.0, 0.0, 1e-06, -0.125011, 0.0, 1.0, -0.0, 0.486255, -1e-06, 0.0, 1.0, 0.166878, 0.0, 0.0, 0.0, 1.0],
                [1.0, 0.0, 1e-06, -0.125011, 0.0, 1.0, -0.0, 0.49038, -1e-06, 0.0, 1.0, 0.151782, 0.0, 0.0, 0.0, 1.0],
                [1.0, 0.0, 1e-06, -0.125011, 0.0, 1.0, -0.0, 0.489621, -1e-06, 0.0, 1.0, 0.129137, 0.0, 0.0, 0.0, 1.0],
                [1.0, 0.0, 1e-06, -0.125011, 0.0, 1.0, -0.0, 0.486162, -1e-06, 0.0, 1.0, 0.099714, 0.0, 0.0, 0.0, 1.0],
                [1.0, 0.0, 1e-06, -0.125011, 0.0, 1.0, -0.0, 0.478231, -1e-06, 0.0, 1.0, 0.068373, 0.0, 0.0, 0.0, 1.0],
                [1.0, 0.0, 1e-06, -0.125011, 0.0, 1.0, -0.0, 0.464056, -1e-06, 0.0, 1.0, 0.039972, 0.0, 0.0, 0.0, 1.0],
                [1.0, 0.0, 1e-06, -0.125011, 0.0, 1.0, -0.0, 0.441865, -1e-06, 0.0, 1.0, 0.019368, 0.0, 0.0, 0.0, 1.0],
                [1.0, 0.0, 1e-06, -0.125011, 0.0, 1.0, -0.0, 0.409886, -1e-06, 0.0, 1.0, 0.011421, 0.0, 0.0, 0.0, 1.0],
                [1.0, 0.0, 1e-06, -0.125011, 0.0, 1.0, -0.0, 0.36695, -1e-06, 0.0, 1.0, 0.011458, 0.0, 0.0, 0.0, 1.0],
                [1.0, 0.0, 1e-06, -0.125011, 0.0, 1.0, -0.0, 0.314306, -1e-06, 0.0, 1.0, 0.011715, 0.0, 0.0, 0.0, 1.0],
                [1.0, 0.0, 1e-06, -0.125011, 0.0, 1.0, -0.0, 0.253805, -1e-06, 0.0, 1.0, 0.012414, 0.0, 0.0, 0.0, 1.0],
                [1.0, 0.0, 1e-06, -0.125011, 0.0, 1.0, -0.0, 0.1873, -1e-06, 0.0, 1.0, 0.013775, 0.0, 0.0, 0.0, 1.0],
                [1.0, 0.0, 1e-06, -0.125011, 0.0, 1.0, -0.0, 0.116644, -1e-06, 0.0, 1.0, 0.016018, 0.0, 0.0, 0.0, 1.0],
                [1.0, 0.0, 1e-06, -0.125011, 0.0, 1.0, -0.0, 0.043687, -1e-06, 0.0, 1.0, 0.019365, 0.0, 0.0, 0.0, 1.0],
                [1.0, 0.0, 1e-06, -0.125011, 0.0, 1.0, -0.0, -0.029717, -1e-06, 0.0, 1.0, 0.024036, 0.0, 0.0, 0.0, 1.0],
                [1.0, 0.0, 1e-06, -0.125011, 0.0, 1.0, -0.0, -0.101717, -1e-06, 0.0, 1.0, 0.030252, 0.0, 0.0, 0.0, 1.0],
                [1.0, 0.0, 1e-06, -0.125011, 0.0, 1.0, -0.0, -0.170461, -1e-06, 0.0, 1.0, 0.038233, 0.0, 0.0, 0.0, 1.0],
                [1.0, 0.0, 1e-06, -0.125011, 0.0, 1.0, -0.0, -0.234096, -1e-06, 0.0, 1.0, 0.048201, 0.0, 0.0, 0.0, 1.0],
                [1.0, 0.0, 1e-06, -0.125011, 0.0, 1.0, -0.0, -0.29077, -1e-06, 0.0, 1.0, 0.060375, 0.0, 0.0, 0.0, 1.0],
                [1.0, 0.0, 1e-06, -0.125011, 0.0, 1.0, -0.0, -0.338631, -1e-06, 0.0, 1.0, 0.074976, 0.0, 0.0, 0.0, 1.0],
                [1.0, 0.0, 1e-06, -0.125011, 0.0, 1.0, -0.0, -0.379133, -1e-06, 0.0, 1.0, 0.092541, 0.0, 0.0, 0.0, 1.0],
                [1.0, 0.0, 1e-06, -0.125011, 0.0, 1.0, -0.0, -0.41514, -1e-06, 0.0, 1.0, 0.11313, 0.0, 0.0, 0.0, 1.0],
                [1.0, 0.0, 1e-06, -0.125011, 0.0, 1.0, -0.0, -0.446915, -1e-06, 0.0, 1.0, 0.136256, 0.0, 0.0, 0.0, 1.0],
                [1.0, 0.0, 1e-06, -0.125011, 0.0, 1.0, -0.0, -0.474725, -1e-06, 0.0, 1.0, 0.16143, 0.0, 0.0, 0.0, 1.0],
                [1.0, 0.0, 1e-06, -0.125011, 0.0, 1.0, -0.0, -0.498832, -1e-06, 0.0, 1.0, 0.188163, 0.0, 0.0, 0.0, 1.0],
                [1.0, 0.0, 1e-06, -0.125011, 0.0, 1.0, -0.0, -0.519501, -1e-06, 0.0, 1.0, 0.215968, 0.0, 0.0, 0.0, 1.0],
                [1.0, 0.0, 1e-06, -0.125011, 0.0, 1.0, -0.0, -0.536998, -1e-06, 0.0, 1.0, 0.244355, 0.0, 0.0, 0.0, 1.0],
                [1.0, 0.0, 1e-06, -0.125011, 0.0, 1.0, -0.0, -0.551586, -1e-06, 0.0, 1.0, 0.272837, 0.0, 0.0, 0.0, 1.0],
                [1.0, 0.0, 1e-06, -0.125011, 0.0, 1.0, -0.0, -0.563529, -1e-06, 0.0, 1.0, 0.300924, 0.0, 0.0, 0.0, 1.0],
                [1.0, 0.0, 1e-06, -0.125011, 0.0, 1.0, -0.0, -0.573093, -1e-06, 0.0, 1.0, 0.328129, 0.0, 0.0, 0.0, 1.0],
                [1.0, 0.0, 1e-06, -0.125011, 0.0, 1.0, -0.0, -0.580541, -1e-06, 0.0, 1.0, 0.353963, 0.0, 0.0, 0.0, 1.0],
                [1.0, 0.0, 1e-06, -0.125011, 0.0, 1.0, -0.0, -0.586138, -1e-06, 0.0, 1.0, 0.377936, 0.0, 0.0, 0.0, 1.0],
                [1.0, 0.0, 1e-06, -0.125011, 0.0, 1.0, -0.0, -0.590148, -1e-06, 0.0, 1.0, 0.399562, 0.0, 0.0, 0.0, 1.0],
                [1.0, 0.0, 1e-06, -0.125011, 0.0, 1.0, -0.0, -0.592837, -1e-06, 0.0, 1.0, 0.418351, 0.0, 0.0, 0.0, 1.0],
                [1.0, 0.0, 1e-06, -0.125011, 0.0, 1.0, -0.0, -0.594467, -1e-06, 0.0, 1.0, 0.433815, 0.0, 0.0, 0.0, 1.0],
                [1.0, 0.0, 1e-06, -0.125011, 0.0, 1.0, -0.0, -0.595305, -1e-06, 0.0, 1.0, 0.445466, 0.0, 0.0, 0.0, 1.0],
                [1.0, 0.0, 1e-06, -0.125011, 0.0, 1.0, -0.0, -0.595613, -1e-06, 0.0, 1.0, 0.452814, 0.0, 0.0, 0.0, 1.0],
                [1.0, 0.0, 1e-06, -0.125011, 0.0, 1.0, -0.0, -0.595657, -1e-06, 0.0, 1.0, 0.455372, 0.0, 0.0, 0.0, 1.0]
            ]
        },
        {
            "name": "Leg_ik_R",
            "time": [0.0, 0.0167, 0.0333, 0.05, 0.0667, 0.0833, 0.1, 0.1167, 0.1333, 0.15, 0.1667, 0.1833, 0.2, 0.2167, 0.2333, 0.25, 0.2667, 0.2833, 0.3, 0.3167, 0.3333, 0.35, 0.3667, 0.3833, 0.4, 0.4167, 0.4333, 0.45, 0.4667, 0.4833, 0.5, 0.5167, 0.5333, 0.55, 0.5667, 0.5833, 0.6, 0.6167, 0.6333, 0.65, 0.6667, 0.6833, 0.7, 0.7167, 0.7333, 0.75, 0.7667, 0.7833, 0.8, 0.8167, 0.8333, 0.85, 0.8667, 0.8833, 0.9, 0.9167, 0.9333, 0.95, 0.9667, 0.9833, 1.0],
            "transform": [
                [1.0, 0.0, -1e-06, 0.125011, -0.0, 1.0, -0.0, 0.409886, 1e-06, 0.0, 1.0, 0.011421, 0.0, 0.0, 0.0, 1.0],
                [1.0, 0.0, -1e-06, 0.125011, -0.0, 1.0, -0.0, 0.39843, 1e-06, 0.0, 1.0, 0.011458, 0.0, 0.0, 0.0, 1.0],
                [1.0, 0.0, -1e-06, 0.125011, -0.0, 1.0, -0.0, 0.366339, 1e-06, 0.0, 1.0, 0.011715, 0.0, 0.0, 0.0, 1.0],
                [1.0, 0.0, -1e-06, 0.125011, -0.0, 1.0, -0.0, 0.317026, 1e-06, 0.0, 1.0, 0.012414, 0.0, 0.0, 0.0, 1.0],
                [1.0, 0.0, -1e-06, 0.125011, -0.0, 1.0, -0.0, 0.253904, 1e-06, 0.0, 1.0, 0.013775, 0.0, 0.0, 0.0, 1.0],
                [1.0, 0.0, -1e-06, 0.125011, -0.0, 1.0, -0.0, 0.180385, 1e-06, 0.0, 1.0, 0.016018, 0.0, 0.0, 0.0, 1.0],
                [1.0, 0.0, -1e-06, 0.125011, -0.0, 1.0, -0.0, 0.099884, 1e-06, 0.0, 1.0, 0.019365, 0.0, 0.0, 0.0, 1.0],
                [1.0, 0.0, -1e-06, 0.125011, -0.0, 1.0, -0.0, 0.015812, 1e-06, 0.0, 1.0, 0.024036, 0.0, 0.0, 0.0, 1.0],
                [1.0, 0.0, -1e-06, 0.125011, -0.0, 1.0, -0.0, -0.068415, 1e-06, 0.0, 1.0, 0.030252, 0.0, 0.0, 0.0, 1.0],
                [1.0, 0.0, -1e-06, 0.125011, -0.0, 1.0, -0.0, -0.149387, 1e-06, 0.0, 1.0, 0.038233, 0.0, 0.0, 0.0, 1.0],
                [1.0, 0.0, -1e-06, 0.125011, -0.0, 1.0, -0.0, -0.223689, 1e-06, 0.0, 1.0, 0.048201, 0.0, 0.0, 0.0, 1.0],
                [1.0, 0.0, -1e-06, 0.125011, -0.0, 1.0, -0.0, -0.287908, 1e-06, 0.0, 1.0, 0.060375, 0.0, 0.0, 0.0, 1.0],
                [1.0, 0.0, -1e-06, 0.125011, -0.0, 1.0, -0.0, -0.338631, 1e-06, 0.0, 1.0, 0.074976, 0.0, 0.0, 0.0, 1.0],
                [1.0, 0.0, -1e-06, 0.125011, -0.0, 1.0, -0.0, -0.379133, 1e-06, 0.0, 1.0, 0.092541, 0.0, 0.0, 0.0, 1.0],
                [1.0, 0.0, -1e-06, 0.125011, -0.0, 1.0, -0.0, -0.41514, 1e-06, 0.0, 1.0, 0.11313, 0.0, 0.0, 0.0, 1.0],
                [1.0, 0.0, -1e-06, 0.125011, -0.0, 1.0, -0.0, -0.446915, 1e-06, 0.0, 1.0, 0.136256, 0.0, 0.0, 0.0, 1.0],
                [1.0, 0.0, -1e-06, 0.125011, -0.0, 1.0, -0.0, -0.474725, 1e-06, 0.0, 1.0, 0.16143, 0.0, 0.0, 0.0, 1.0],
                [1.0, 0.0, -1e-06, 0.125011, -0.0, 1.0, -0.0, -0.498832, 1e-06, 0.0, 1.0, 0.188163, 0.0, 0.0, 0.0, 1.0],
                [1.0, 0.0, -1e-06, 0.125011, -0.0, 1.0, -0.0, -0.519501, 1e-06, 0.0, 1.0, 0.215968, 0.0, 0.0, 0.0, 1.0],
                [1.0, 0.0, -1e-06, 0.125011, -0.0, 1.0, -0.0, -0.536998, 1e-06, 0.0, 1.0, 0.244355, 0.0, 0.0, 0.0, 1.0],
                [1.0, 0.0, -1e-06, 0.125011, -0.0, 1.0, -0.0, -0.551586, 1e-06, 0.0, 1.0, 0.272837, 0.0, 0.0, 0.0, 1.0],
                [1.0, 0.0, -1e-06, 0.125011, -0.0, 1.0, -0.0, -0.563529, 1e-06, 0.0, 1.0, 0.300924, 0.0, 0.0, 0.0, 1.0],
                [1.0, 0.0, -1e-06, 0.125011, -0.0, 1.0, -0.0, -0.573093, 1e-06, 0.0, 1.0, 0.328129, 0.0, 0.0, 0.0, 1.0],
                [1.0, 0.0, -1e-06, 0.125011, -0.0, 1.0, -0.0, -0.580541, 1e-06, 0.0, 1.0, 0.353963, 0.0, 0.0, 0.0, 1.0],
                [1.0, 0.0, -1e-06, 0.125011, -0.0, 1.0, -0.0, -0.586138, 1e-06, 0.0, 1.0, 0.377936, 0.0, 0.0, 0.0, 1.0],
                [1.0, 0.0, -1e-06, 0.125011, -0.0, 1.0, -0.0, -0.590148, 1e-06, 0.0, 1.0, 0.399562, 0.0, 0.0, 0.0, 1.0],
                [1.0, 0.0, -1e-06, 0.125011, -0.0, 1.0, -0.0, -0.592837, 1e-06, 0.0, 1.0, 0.418351, 0.0, 0.0, 0.0, 1.0],
                [1.0, 0.0, -1e-06, 0.125011, -0.0, 1.0, -0.0, -0.594467, 1e-06, 0.0, 1.0, 0.433815, 0.0, 0.0, 0.0, 1.0],
                [1.0, 0.0, -1e-06, 0.125011, -0.0, 1.0, -0.0, -0.595305, 1e-06, 0.0, 1.0, 0.445466, 0.0, 0.0, 0.0, 1.0],
                [1.0, 0.0, -1e-06, 0.125011, -0.0, 1.0, -0.0, -0.595613, 1e-06, 0.0, 1.0, 0.452814, 0.0, 0.0, 0.0, 1.0],
                [1.0, 0.0, -1e-06, 0.125011, -0.0, 1.0, -0.0, -0.595657, 1e-06, 0.0, 1.0, 0.455372, 0.0, 0.0, 0.0, 1.0],
                [1.0, 0.0, -1e-06, 0.125011, -0.0, 1.0, -0.0, -0.588784, 1e-06, 0.0, 1.0, 0.4519, 0.0, 0.0, 0.0, 1.0],
                [1.0, 0.0, -1e-06, 0.125011, -0.0, 1.0, -0.0, -0.569116, 1e-06, 0.0, 1.0, 0.442156, 0.0, 0.0, 0.0, 1.0],
                [1.0, 0.0, -1e-06, 0.125011, -0.0, 1.0, -0.0, -0.538081, 1e-06, 0.0, 1.0, 0.427153, 0.0, 0.0, 0.0, 1.0],
                [1.0, 0.0, -1e-06, 0.125011, -0.0, 1.0, -0.0, -0.497107, 1e-06, 0.0, 1.0, 0.407901, 0.0, 0.0, 0.0, 1.0],
                [1.0, 0.0, -1e-06, 0.125011, -0.0, 1.0, -0.0, -0.447621, 1e-06, 0.0, 1.0, 0.385413, 0.0, 0.0, 0.0, 1.0],
                [1.0, 0.0, -1e-06, 0.125011, -0.0, 1.0, -0.0, -0.391051, 1e-06, 0.0, 1.0, 0.3607, 0.0, 0.0, 0.0, 1.0],
                [1.0, 0.0, -1e-06, 0.125011, -0.0, 1.0, -0.0, -0.328825, 1e-06, 0.0, 1.0, 0.334773, 0.0, 0.0, 0.0, 1.0],
                [1.0, 0.0, -1e-06, 0.125011, -0.0, 1.0, -0.0, -0.26237, 1e-06, 0.0, 1.0, 0.308643, 0.0, 0.0, 0.0, 1.0],
                [1.0, 0.0, -1e-06, 0.125011, -0.0, 1.0, -0.0, -0.193113, 1e-06, 0.0, 1.0, 0.283323, 0.0, 0.0, 0.0, 1.0],
                [1.0, 0.0, -1e-06, 0.125011, -0.0, 1.0, -0.0, -0.122483, 1e-06, 0.0, 1.0, 0.259824, 0.0, 0.0, 0.0, 1.0],
                [1.0, 0.0, -1e-06, 0.125011, -0.0, 1.0, -0.0, -0.051907, 1e-06, 0.0, 1.0, 0.239156, 0.0, 0.0, 0.0, 1.0],
                [1.0, 0.0, -1e-06, 0.125011, -0.0, 1.0, -0.0, 0.017187, 1e-06, 0.0, 1.0, 0.222332, 0.0, 0.0, 0.0, 1.0],
                [1.0, 0.0, -1e-06, 0.125011, -0.0, 1.0, -0.0, 0.083533, 1e-06, 0.0, 1.0, 0.210053, 0.0, 0.0, 0.0, 1.0],
                [1.0, 0.0, -1e-06, 0.125011, -0.0, 1.0, -0.0, 0.146512, 1e-06, 0.0, 1.0, 0.201776, 0.0, 0.0, 0.0, 1.0],
                [1.0, 0.0, -1e-06, 0.125011, -0.0, 1.0, -0.0, 0.205666, 1e-06, 0.0, 1.0, 0.196651, 0.0, 0.0, 0.0, 1.0],
                [1.0, 0.0, -1e-06, 0.125011, -0.0, 1.0, -0.0, 0.260537, 1e-06, 0.0, 1.0, 0.193826, 0.0, 0.0, 0.0, 1.0],
                [1.0, 0.0, -1e-06, 0.125011, -0.0, 1.0, -0.0, 0.310668, 1e-06, 0.0, 1.0, 0.192448, 0.0, 0.0, 0.0, 1.0],
                [1.0, 0.0, -1e-06, 0.125011, -0.0, 1.0, -0.0, 0.355599, 1e-06, 0.0, 1.0, 0.191666, 0.0, 0.0, 0.0, 1.0],
                [1.0, 0.0, -1e-06, 0.125011, -0.0, 1.0, -0.0, 0.394875, 1e-06, 0.0, 1.0, 0.190628, 0.0, 0.0, 0.0, 1.0],
                [1.0, 0.0, -1e-06, 0.125011, -0.0, 1.0, -0.0, 0.428036, 1e-06, 0.0, 1.0, 0.188482, 0.0, 0.0, 0.0, 1.0],
                [1.0, 0.0, -1e-06, 0.125011, -0.0, 1.0, -0.0, 0.454625, 1e-06, 0.0, 1.0, 0.184376, 0.0, 0.0, 0.0, 1.0],
                [1.0, 0.0, -1e-06, 0.125011, -0.0, 1.0, -0.0, 0.474183, 1e-06, 0.0, 1.0, 0.177459, 0.0, 0.0, 0.0, 1.0],
                [1.0, 0.0, -1e-06, 0.125011, -0.0, 1.0, -0.0, 0.486255, 1e-06, 0.0, 1.0, 0.166878, 0.0, 0.0, 0.0, 1.0],
                [1.0, 0.0, -1e-06, 0.125011, -0.0, 1.0, -0.0, 0.49038, 1e-06, 0.0, 1.0, 0.151782, 0.0, 0.0, 0.0, 1.0],
                [1.0, 0.0, -1e-06, 0.125011, -0.0, 1.0, -0.0, 0.484418, 1e-06, 0.0, 1.0, 0.129137, 0.0, 0.0, 0.0, 1.0],
                [1.0, 0.0, -1e-06, 0.125011, -0.0, 1.0, -0.0, 0.469511, 1e-06, 0.0, 1.0, 0.099714, 0.0, 0.0, 0.0, 1.0],
                [1.0, 0.0, -1e-06, 0.125011, -0.0, 1.0, -0.0, 0.450133, 1e-06, 0.0, 1.0, 0.068373, 0.0, 0.0, 0.0, 1.0],
                [1.0, 0.0, -1e-06, 0.125011, -0.0, 1.0, -0.0, 0.430755, 1e-06, 0.0, 1.0, 0.039972, 0.0, 0.0, 0.0, 1.0],
                [1.0, 0.0, -1e-06, 0.125011, -0.0, 1.0, -0.0, 0.415848, 1e-06, 0.0, 1.0, 0.019368, 0.0, 0.0, 0.0, 1.0],
                [1.0, 0.0, -1e-06, 0.125011, -0.0, 1.0, -0.0, 0.409886, 1e-06, 0.0, 1.0, 0.011421, 0.0, 0.0, 0.0, 1.0]
            ]
        },
        {
            "name": "key",
            "time": [0.0, 1.0],
            "transform": [
                [1.0, 0.0, 0.0, -2.523816, 0.0, 0.0, -1.0, 0.000946, 0.0, 1.0, 0.0, 1.71404, 0.0, 0.0, 0.0, 1.0],
                [1.0, 0.0, 0.0, -2.523816, 0.0, 0.0, -1.0, 0.000946, 0.0, 1.0, 0.0, 1.71404, 0.0, 0.0, 0.0, 1.0]
            ]
        },
        {
            "name": "key.001",
            "time": [0.0, 1.0],
            "transform": [
                [1.0, 0.0, 0.0, -2.523816, 0.0, 0.0, -1.0, 1.040537, 0.0, 1.0, 0.0, 1.71404, 0.0, 0.0, 0.0, 1.0],
                [1.0, 0.0, 0.0, -2.523816, 0.0, 0.0, -1.0, 1.040537, 0.0, 1.0, 0.0, 1.71404, 0.0, 0.0, 0.0, 1.0]
            ]
        },
        {
            "name": "key.002",
            "time": [0.0, 1.0],
            "transform": [
                [1.0, 0.0, 0.0, -2.523816, 0.0, 0.0, -1.0, 1.540537, 0.0, 1.0, 0.0, 1.71404, 0.0, 0.0, 0.0, 1.0],
                [1.0, 0.0, 0.0, -2.523816, 0.0, 0.0, -1.0, 1.540537, 0.0, 1.0, 0.0, 1.71404, 0.0, 0.0, 0.0, 1.0]
            ]
        },
        {
            "name": "key.003",
            "time": [0.0, 1.0],
            "transform": [
                [1.0, 0.0, 0.0, -2.523816, 0.0, 0.0, -1.0, 2.040536, 0.0, 1.0, 0.0, 1.71404, 0.0, 0.0, 0.0, 1.0],
                [1.0, 0.0, 0.0, -2.523816, 0.0, 0.0, -1.0, 2.040536, 0.0, 1.0, 0.0, 1.71404, 0.0, 0.0, 0.0, 1.0]
            ]
        },
        {
            "name": "tuoshou_L",
            "time": [0.0, 0.0167, 0.0333, 0.05, 0.0667, 0.0833, 0.1, 0.1167, 0.1333, 0.15, 0.1667, 0.1833, 0.2, 0.2167, 0.2333, 0.25, 0.2667, 0.2833, 0.3, 0.3167, 0.3333, 0.35, 0.3667, 0.3833, 0.4, 0.4167, 0.4333, 0.45, 0.4667, 0.4833, 0.5, 0.5167, 0.5333, 0.55, 0.5667, 0.5833, 0.6, 0.6167, 0.6333, 0.65, 0.6667, 0.6833, 0.7, 0.7167, 0.7333, 0.75, 0.7667, 0.7833, 0.8, 0.8167, 0.8333, 0.85, 0.8667, 0.8833, 0.9, 0.9167, 0.9333, 0.95, 0.9667, 0.9833, 1.0],
            "transform": [
                [0.074632, -0.176018, -0.981554, -0.103332, -0.861258, -0.507526, 0.025527, 0.898835, -0.502658, 0.843466, -0.189475, 0.548684, 0.0, 0.0, 0.0, 1.0],
                [0.075202, -0.17537, -0.981626, -0.103928, -0.861589, -0.507011, 0.024573, 0.898414, -0.502005, 0.84391, -0.189226, 0.543984, 0.0, 0.0, 0.0, 1.0],
                [0.076872, -0.173483, -0.981832, -0.105669, -0.862545, -0.50551, 0.021788, 0.897186, -0.500106, 0.845199, -0.188497, 0.532146, 0.0, 0.0, 0.0, 1.0],
                [0.079593, -0.170435, -0.982149, -0.108487, -0.86406, -0.503092, 0.017279, 0.895196, -0.497056, 0.84726, -0.187309, 0.516575, 0.0, 0.0, 0.0, 1.0],
                [0.08333, -0.166303, -0.982547, -0.112318, -0.866057, -0.49982, 0.011148, 0.892484, -0.49295, 0.850013, -0.185678, 0.50068, 0.0, 0.0, 0.0, 1.0],
                [0.088055, -0.161164, -0.982992, -0.117103, -0.868453, -0.495759, 0.003486, 0.889088, -0.487888, 0.853375, -0.183618, 0.487875, 0.0, 0.0, 0.0, 1.0],
                [0.093746, -0.155096, -0.983442, -0.122778, -0.871158, -0.490971, -0.005613, 0.885041, -0.481971, 0.857258, -0.18114, 0.48158, 0.0, 0.0, 0.0, 1.0],
                [0.100379, -0.148183, -0.983853, -0.129278, -0.874078, -0.48552, -0.016053, 0.880375, -0.475301, 0.861575, -0.17826, 0.481137, 0.0, 0.0, 0.0, 1.0],
