{
    "animation": [
        {
            "name": "Tool_s_L",
            "time": [0.0, 0.0167, 0.0333, 0.05, 0.0667, 0.0833, 0.1, 0.1167, 0.1333, 0.15, 0.1667, 0.1833, 0.2, 0.2167, 0.2333, 0.25, 0.2667, 0.2833, 0.3, 0.3167, 0.3333, 0.35, 0.3667, 0.3833, 0.4, 0.4167, 0.4333, 0.45, 0.4667, 0.4833, 0.5, 0.5167, 0.5333, 0.55, 0.5667, 0.5833, 0.6, 0.6167, 0.6333, 0.65, 0.6667, 0.6833, 0.7, 0.7167, 0.7333, 0.75, 0.7667, 0.7833, 0.8, 0.8167, 0.8333, 0.85, 0.8667, 0.8833, 0.9, 0.9167, 0.9333, 0.95, 0.9667, 0.9833, 1.0, 1.0167, 1.0333, 1.05, 1.0667, 1.0833, 1.1, 1.1167, 1.1333, 1.15, 1.1667, 1.1833, 1.2, 1.2167, 1.2333, 1.25, 1.2667, 1.2833, 1.3, 1.3167, 1.3333, 1.35, 1.3667, 1.3833, 1.4, 1.4167, 1.4333, 1.45, 1.4667, 1.4833, 1.5, 1.5167, 1.5333, 1.55, 1.5667, 1.5833, 1.6, 1.6167, 1.6333, 1.65, 1.6667, 1.6833, 1.7, 1.7167, 1.7333, 1.75, 1.7667, 1.7833, 1.8, 1.8167, 1.8333, 1.85, 1.8667, 1.8833, 1.9, 1.9167, 1.9333, 1.95, 1.9667, 1.9833, 2.0, 2.0167, 2.0333, 2.05, 2.0667, 2.0833, 2.1, 2.1167, 2.1333, 2.15, 2.1667, 2.1833, 2.2, 2.2167, 2.2333, 2.25, 2.2667, 2.2833, 2.3, 2.3167, 2.3333],
            "transform": [
                [0.041371, -0.089565, -0.995121, -0.178924, -0.27332, -0.958998, 0.074951, 0.887276, -0.961032, 0.268886, -0.064155, 1.356541, 0.0, 0.0, 0.0, 1.0],
                [0.042922, -0.095964, -0.994459, -0.173975, -0.272507, -0.958759, 0.080757, 0.888025, -0.961196, 0.26753, -0.067303, 1.359707, 0.0, 0.0, 0.0, 1.0],
                [0.047285, -0.112168, -0.992563, -0.161153, -0.270142, -0.958082, 0.095402, 0.888879, -0.961658, 0.263622, -0.075604, 1.368479, 0.0, 0.0, 0.0, 1.0],
                [0.054084, -0.133664, -0.98955, -0.143481, -0.266385, -0.957016, 0.11471, 0.887707, -0.962348, 0.257397, -0.087365, 1.381791, 0.0, 0.0, 0.0, 1.0],
                [0.062936, -0.155895, -0.985766, -0.124044, -0.261431, -0.95581, 0.134467, 0.882482, -0.963168, 0.249247, -0.100911, 1.39849, 0.0, 0.0, 0.0, 1.0],
                [0.073346, -0.174285, -0.98196, -0.106028, -0.255471, -0.955043, 0.150425, 0.871415, -0.96403, 0.23983, -0.114574, 1.417239, 0.0, 0.0, 0.0, 1.0],
                [0.084652, -0.184282, -0.979221, -0.092695, -0.248638, -0.955567, 0.158336, 0.852958, -0.96489, 0.230069, -0.126711, 1.436498, 0.0, 0.0, 0.0, 1.0],
                [0.095993, -0.181393, -0.978714, -0.087336, -0.240951, -0.958247, 0.153967, 0.825677, -0.965778, 0.221042, -0.135692, 1.454575, 0.0, 0.0, 0.0, 1.0],
                [0.106318, -0.161141, -0.981188, -0.093223, -0.232272, -0.963505, 0.133069, 0.78799, -0.966822, 0.213755, -0.139867, 1.469756, 0.0, 0.0, 0.0, 1.0],
                [0.114386, -0.119, -0.986283, -0.113572, -0.222302, -0.97069, 0.091337, 0.737769, -0.968244, 0.208806, -0.137488, 1.480524, 0.0, 0.0, 0.0, 1.0],
                [0.118756, -0.050387, -0.991644, -0.151467, -0.210604, -0.977266, 0.024435, 0.671824, -0.970331, 0.205942, -0.126668, 1.48585, 0.0, 0.0, 0.0, 1.0],
                [0.121149, -0.004932, -0.992622, -0.189665, -0.196025, -0.980414, -0.019054, 0.561533, -0.973086, 0.196887, -0.119743, 1.490461, 0.0, 0.0, 0.0, 1.0],
                [0.123441, -0.017414, -0.992199, -0.211726, -0.17952, -0.983741, -0.005069, 0.39251, -0.975979, 0.178746, -0.12456, 1.497962, 0.0, 0.0, 0.0, 1.0],
                [0.124866, -0.060391, -0.990334, -0.221787, -0.163968, -0.985677, 0.039433, 0.180772, -0.978531, 0.157459, -0.13298, 1.506338, 0.0, 0.0, 0.0, 1.0],
                [0.125434, -0.105784, -0.986446, -0.22444, -0.152404, -0.984552, 0.086202, -0.056807, -0.980326, 0.139526, -0.139618, 1.51325, 0.0, 0.0, 0.0, 1.0],
                [0.125556, -0.126661, -0.983968, -0.224346, -0.147877, -0.983126, 0.107684, -0.301778, -0.981003, 0.131986, -0.142168, 1.516121, 0.0, 0.0, 0.0, 1.0],
                [0.125627, -0.127717, -0.983822, -0.223454, -0.148747, -0.982894, 0.108603, -0.541262, -0.980863, 0.132697, -0.142475, 1.511713, 0.0, 0.0, 0.0, 1.0],
                [0.125813, -0.13076, -0.983399, -0.220876, -0.151287, -0.98221, 0.111247, -0.774981, -0.98045, 0.134779, -0.143357, 1.498951, 0.0, 0.0, 0.0, 1.0],
                [0.126061, -0.135604, -0.982711, -0.216753, -0.155397, -0.981083, 0.115446, -1.003064, -0.979775, 0.138157, -0.144749, 1.47853, 0.0, 0.0, 0.0, 1.0],
                [0.126298, -0.142062, -0.981767, -0.211229, -0.160983, -0.979509, 0.121026, -1.225651, -0.978842, 0.142763, -0.14658, 1.451136, 0.0, 0.0, 0.0, 1.0],
                [0.126441, -0.149945, -0.980576, -0.204445, -0.167952, -0.977474, 0.127814, -1.442889, -0.977652, 0.148529, -0.148777, 1.417456, 0.0, 0.0, 0.0, 1.0],
                [0.126404, -0.15906, -0.979143, -0.196547, -0.176207, -0.974964, 0.135633, -1.654928, -0.976203, 0.155388, -0.151267, 1.378173, 0.0, 0.0, 0.0, 1.0],
                [0.1261, -0.16921, -0.97748, -0.18768, -0.185649, -0.971962, 0.144306, -1.861915, -0.974491, 0.163271, -0.153978, 1.333973, 0.0, 0.0, 0.0, 1.0],
                [0.125447, -0.180195, -0.975599, -0.177998, -0.19617, -0.968457, 0.153651, -2.063993, -0.972512, 0.172108, -0.156839, 1.285542, 0.0, 0.0, 0.0, 1.0],
                [0.124378, -0.191807, -0.97352, -0.167656, -0.207655, -0.964443, 0.163488, -2.261298, -0.970262, 0.181822, -0.159786, 1.233569, 0.0, 0.0, 0.0, 1.0],
                [0.122839, -0.203836, -0.971268, -0.156813, -0.219983, -0.959926, 0.173634, -2.453955, -0.967738, 0.192333, -0.162757, 1.17875, 0.0, 0.0, 0.0, 1.0],
                [0.120793, -0.216072, -0.968877, -0.145633, -0.233023, -0.954923, 0.183908, -2.642078, -0.964939, 0.203556, -0.165698, 1.121785, 0.0, 0.0, 0.0, 1.0],
                [0.118228, -0.228304, -0.966385, -0.13428, -0.246639, -0.949464, 0.194133, -2.825765, -0.961868, 0.215396, -0.168562, 1.063379, 0.0, 0.0, 0.0, 1.0],
                [0.115153, -0.240323, -0.963838, -0.122918, -0.260691, -0.943594, 0.20413, -3.005102, -0.95853, 0.227758, -0.171308, 1.004246, 0.0, 0.0, 0.0, 1.0],
                [0.111601, -0.251929, -0.961289, -0.111711, -0.275036, -0.937376, 0.213731, -3.180161, -0.954934, 0.240537, -0.173902, 0.945104, 0.0, 0.0, 0.0, 1.0],
                [0.10763, -0.262926, -0.958794, -0.100818, -0.289532, -0.930884, 0.222771, -3.350997, -0.951098, 0.253624, -0.176317, 0.88668, 0.0, 0.0, 0.0, 1.0],
                [0.103322, -0.273131, -0.956412, -0.090393, -0.304038, -0.924207, 0.231089, -3.517655, -0.94704, 0.266909, -0.178533, 0.829704, 0.0, 0.0, 0.0, 1.0],
                [0.098774, -0.282373, -0.954206, -0.080584, -0.31842, -0.917447, 0.238534, -3.680167, -0.942789, 0.280277, -0.180534, 0.774914, 0.0, 0.0, 0.0, 1.0],
                [0.094108, -0.290491, -0.952239, -0.071532, -0.332548, -0.910717, 0.24496, -3.838559, -0.938379, 0.293612, -0.182308, 0.72305, 0.0, 0.0, 0.0, 1.0],
                [0.089453, -0.297337, -0.950573, -0.063373, -0.3463, -0.904137, 0.250224, -3.992846, -0.933849, 0.3068, -0.183846, 0.674851, 0.0, 0.0, 0.0, 1.0],
                [0.084951, -0.302775, -0.949269, -0.056232, -0.359562, -0.897832, 0.254191, -4.143042, -0.929246, 0.319727, -0.185138, 0.631061, 0.0, 0.0, 0.0, 1.0],
                [0.080747, -0.306673, -0.948383, -0.050232, -0.372225, -0.89193, 0.256726, -4.289157, -0.924623, 0.332282, -0.186172, 0.59242, 0.0, 0.0, 0.0, 1.0],
                [0.076989, -0.308908, -0.947971, -0.045492, -0.38419, -0.886561, 0.257695, -4.431208, -0.920038, 0.344361, -0.186934, 0.559662, 0.0, 0.0, 0.0, 1.0],
                [0.073815, -0.309355, -0.948077, -0.042129, -0.395358, -0.881851, 0.256964, -4.569212, -0.915556, 0.355862, -0.1874, 0.533516, 0.0, 0.0, 0.0, 1.0],
                [0.071358, -0.307884, -0.948744, -0.040264, -0.405636, -0.877921, 0.254392, -4.703197, -0.911245, 0.366692, -0.187535, 0.514702, 0.0, 0.0, 0.0, 1.0],
                [0.069729, -0.304356, -0.950003, -0.040021, -0.414927, -0.874882, 0.249834, -4.833203, -0.907178, 0.376761, -0.18729, 0.50393, 0.0, 0.0, 0.0, 1.0],
                [0.068441, -0.299661, -0.951588, -0.040598, -0.424215, -0.872042, 0.244101, -4.959755, -0.902971, 0.386971, -0.186804, 0.497227, 0.0, 0.0, 0.0, 1.0],
                [0.066951, -0.294793, -0.953213, -0.041108, -0.434495, -0.868628, 0.238117, -5.083374, -0.898182, 0.398224, -0.186242, 0.490169, 0.0, 0.0, 0.0, 1.0],
                [0.065275, -0.28976, -0.954871, -0.041561, -0.445686, -0.864628, 0.231908, -5.204104, -0.892806, 0.410435, -0.18558, 0.482776, 0.0, 0.0, 0.0, 1.0],
                [0.063427, -0.284565, -0.956556, -0.041963, -0.457709, -0.86003, 0.2255, -5.321995, -0.886837, 0.423521, -0.184798, 0.475071, 0.0, 0.0, 0.0, 1.0],
                [0.061424, -0.279217, -0.958261, -0.042324, -0.470481, -0.854822, 0.21892, -5.437091, -0.880269, 0.437397, -0.183873, 0.467075, 0.0, 0.0, 0.0, 1.0],
                [0.059281, -0.273722, -0.95998, -0.042652, -0.483921, -0.848996, 0.212193, -5.549437, -0.873101, 0.451976, -0.182789, 0.458811, 0.0, 0.0, 0.0, 1.0],
                [0.057013, -0.268086, -0.961707, -0.042955, -0.497947, -0.842544, 0.205349, -5.659078, -0.865331, 0.467171, -0.181529, 0.450305, 0.0, 0.0, 0.0, 1.0],
                [0.054637, -0.262319, -0.963433, -0.04324, -0.512478, -0.835463, 0.198413, -5.766057, -0.85696, 0.482897, -0.18008, 0.441582, 0.0, 0.0, 0.0, 1.0],
                [0.052168, -0.256428, -0.965155, -0.043516, -0.527431, -0.827754, 0.191414, -5.870414, -0.847995, 0.499067, -0.17843, 0.432671, 0.0, 0.0, 0.0, 1.0],
                [0.049622, -0.250422, -0.966864, -0.043789, -0.542726, -0.819422, 0.18438, -5.97219, -0.838443, 0.515593, -0.176572, 0.423602, 0.0, 0.0, 0.0, 1.0],
                [0.047013, -0.244313, -0.968556, -0.044066, -0.558283, -0.810476, 0.177339, -6.07142, -0.828317, 0.532391, -0.174499, 0.414406, 0.0, 0.0, 0.0, 1.0],
                [0.044359, -0.238111, -0.970224, -0.044353, -0.574023, -0.80093, 0.170319, -6.168137, -0.817636, 0.549376, -0.172209, 0.405119, 0.0, 0.0, 0.0, 1.0],
                [0.041672, -0.231828, -0.971864, -0.044655, -0.58987, -0.790804, 0.163346, -6.262373, -0.806422, 0.566467, -0.169703, 0.395776, 0.0, 0.0, 0.0, 1.0],
                [0.038968, -0.225479, -0.973468, -0.044978, -0.605749, -0.780123, 0.156447, -6.354154, -0.7947, 0.583581, -0.166984, 0.386416, 0.0, 0.0, 0.0, 1.0],
                [0.036261, -0.219078, -0.975034, -0.045325, -0.621588, -0.768917, 0.149649, -6.443503, -0.782504, 0.600643, -0.164058, 0.37708, 0.0, 0.0, 0.0, 1.0],
                [0.033564, -0.212639, -0.976554, -0.045699, -0.637316, -0.757222, 0.142976, -6.53044, -0.769871, 0.617575, -0.160934, 0.367809, 0.0, 0.0, 0.0, 1.0],
                [0.030891, -0.20618, -0.978026, -0.046104, -0.652868, -0.74508, 0.136451, -6.61498, -0.756841, 0.634307, -0.157624, 0.358646, 0.0, 0.0, 0.0, 1.0],
                [0.028252, -0.199719, -0.979446, -0.04654, -0.66818, -0.732536, 0.130098, -6.697133, -0.743463, 0.650771, -0.154144, 0.349638, 0.0, 0.0, 0.0, 1.0],
                [0.025661, -0.193273, -0.980809, -0.047009, -0.683193, -0.719644, 0.123935, -6.776907, -0.729787, 0.666902, -0.150509, 0.340831, 0.0, 0.0, 0.0, 1.0],
                [0.023126, -0.186864, -0.982114, -0.04751, -0.697851, -0.706458, 0.117984, -6.854303, -0.715869, 0.68264, -0.146741, 0.33227, 0.0, 0.0, 0.0, 1.0],
                [0.020659, -0.180511, -0.983356, -0.048043, -0.712103, -0.693041, 0.112258, -6.929319, -0.70177, 0.697932, -0.14286, 0.324005, 0.0, 0.0, 0.0, 1.0],
                [0.018268, -0.174235, -0.984535, -0.048605, -0.725903, -0.679458, 0.106776, -7.001948, -0.687554, 0.712726, -0.138891, 0.316084, 0.0, 0.0, 0.0, 1.0],
                [0.015962, -0.168059, -0.985648, -0.049194, -0.739208, -0.665777, 0.101548, -7.07218, -0.673288, 0.726977, -0.134858, 0.308554, 0.0, 0.0, 0.0, 1.0],
                [0.013746, -0.162006, -0.986694, -0.049807, -0.751979, -0.652072, 0.096588, -7.14, -0.659043, 0.740646, -0.130789, 0.301464, 0.0, 0.0, 0.0, 1.0],
                [0.011628, -0.156099, -0.987673, -0.050438, -0.764184, -0.638417, 0.091903, -7.205389, -0.644893, 0.753695, -0.126712, 0.294861, 0.0, 0.0, 0.0, 1.0],
                [0.009613, -0.150361, -0.988584, -0.051084, -0.775793, -0.624891, 0.0875, -7.268323, -0.630914, 0.766096, -0.122656, 0.288794, 0.0, 0.0, 0.0, 1.0],
                [0.007705, -0.144817, -0.989428, -0.051737, -0.786781, -0.611573, 0.083386, -7.328777, -0.617184, 0.777821, -0.118652, 0.283309, 0.0, 0.0, 0.0, 1.0],
                [0.005908, -0.139492, -0.990206, -0.052393, -0.797128, -0.598546, 0.079562, -7.386722, -0.603782, 0.78885, -0.114729, 0.278451, 0.0, 0.0, 0.0, 1.0],
                [0.004225, -0.134409, -0.990917, -0.053043, -0.806815, -0.585891, 0.076031, -7.442126, -0.590789, 0.799165, -0.110919, 0.274265, 0.0, 0.0, 0.0, 1.0],
                [0.002657, -0.129595, -0.991563, -0.053681, -0.815829, -0.573693, 0.072794, -7.494956, -0.578286, 0.808753, -0.107252, 0.270796, 0.0, 0.0, 0.0, 1.0],
                [0.001207, -0.125074, -0.992147, -0.054299, -0.82416, -0.562034, 0.069849, -7.545176, -0.566356, 0.817603, -0.103759, 0.268086, 0.0, 0.0, 0.0, 1.0],
                [-0.000124, -0.120869, -0.992668, -0.054888, -0.831797, -0.550998, 0.067195, -7.592747, -0.55508, 0.825707, -0.100471, 0.266176, 0.0, 0.0, 0.0, 1.0],
                [-0.001336, -0.117008, -0.99313, -0.055441, -0.838734, -0.540668, 0.064828, -7.637632, -0.544539, 0.833059, -0.097416, 0.265107, 0.0, 0.0, 0.0, 1.0],
                [-0.002429, -0.113513, -0.993534, -0.055948, -0.844967, -0.531125, 0.062748, -7.679792, -0.534814, 0.839655, -0.094625, 0.26492, 0.0, 0.0, 0.0, 1.0],
                [-0.003401, -0.110409, -0.993881, -0.056403, -0.850487, -0.522452, 0.060949, -7.71919, -0.525984, 0.84549, -0.092125, 0.265652, 0.0, 0.0, 0.0, 1.0],
                [-0.004254, -0.107721, -0.994172, -0.056795, -0.855291, -0.514727, 0.059431, -7.755786, -0.518129, 0.85056, -0.089944, 0.267343, 0.0, 0.0, 0.0, 1.0],
                [-0.004985, -0.105472, -0.99441, -0.057119, -0.859372, -0.508028, 0.058192, -7.789545, -0.511325, 0.854858, -0.088107, 0.270031, 0.0, 0.0, 0.0, 1.0],
                [-0.005595, -0.103685, -0.994595, -0.057365, -0.862722, -0.50243, 0.057231, -7.820434, -0.505648, 0.858378, -0.086641, 0.273754, 0.0, 0.0, 0.0, 1.0],
                [-0.006082, -0.102384, -0.994726, -0.057526, -0.865328, -0.498006, 0.056549, -7.848419, -0.501169, 0.861108, -0.085567, 0.278549, 0.0, 0.0, 0.0, 1.0],
                [-0.006444, -0.101591, -0.994805, -0.057597, -0.867175, -0.494827, 0.056149, -7.873475, -0.497961, 0.863032, -0.084909, 0.284455, 0.0, 0.0, 0.0, 1.0],
                [-0.006873, -0.101147, -0.994848, -0.057852, -0.868668, -0.492214, 0.056045, -7.896735, -0.495347, 0.864578, -0.08448, 0.290998, 0.0, 0.0, 0.0, 1.0],
                [-0.007559, -0.100875, -0.99487, -0.058559, -0.87022, -0.489444, 0.056239, -7.919356, -0.492606, 0.866181, -0.084084, 0.297677, 0.0, 0.0, 0.0, 1.0],
                [-0.00849, -0.10077, -0.994874, -0.059702, -0.871825, -0.486522, 0.056719, -7.94135, -0.489744, 0.867837, -0.083724, 0.304484, 0.0, 0.0, 0.0, 1.0],
                [-0.009655, -0.100826, -0.994857, -0.061266, -0.87348, -0.483455, 0.057474, -7.962728, -0.486763, 0.869543, -0.083402, 0.311414, 0.0, 0.0, 0.0, 1.0],
                [-0.011043, -0.101039, -0.994821, -0.063234, -0.875182, -0.480245, 0.058491, -7.983491, -0.483668, 0.871295, -0.083124, 0.318459, 0.0, 0.0, 0.0, 1.0],
                [-0.012643, -0.101403, -0.994765, -0.06559, -0.876925, -0.476898, 0.059759, -8.003661, -0.480461, 0.873089, -0.082894, 0.325614, 0.0, 0.0, 0.0, 1.0],
                [-0.014441, -0.101914, -0.994689, -0.068318, -0.878705, -0.473417, 0.061263, -8.023242, -0.477146, 0.874922, -0.082716, 0.332872, 0.0, 0.0, 0.0, 1.0],
                [-0.016426, -0.102567, -0.994591, -0.071401, -0.880519, -0.469806, 0.062991, -8.04225, -0.473725, 0.876791, -0.082595, 0.340229, 0.0, 0.0, 0.0, 1.0],
                [-0.018584, -0.103356, -0.994471, -0.074822, -0.882363, -0.466069, 0.064928, -8.060695, -0.470202, 0.87869, -0.082537, 0.347677, 0.0, 0.0, 0.0, 1.0],
                [-0.020902, -0.104279, -0.994329, -0.078567, -0.884232, -0.462209, 0.067061, -8.078588, -0.46658, 0.880618, -0.082545, 0.355212, 0.0, 0.0, 0.0, 1.0],
                [-0.023368, -0.105329, -0.994163, -0.082616, -0.886122, -0.45823, 0.069377, -8.095943, -0.462863, 0.88257, -0.082627, 0.362826, 0.0, 0.0, 0.0, 1.0],
                [-0.025968, -0.106504, -0.993973, -0.086955, -0.88803, -0.454135, 0.071861, -8.112772, -0.459052, 0.884543, -0.082786, 0.370515, 0.0, 0.0, 0.0, 1.0],
                [-0.028689, -0.107799, -0.993759, -0.091566, -0.889951, -0.44993, 0.074499, -8.129091, -0.455153, 0.886533, -0.083027, 0.378272, 0.0, 0.0, 0.0, 1.0],
                [-0.031518, -0.109209, -0.993519, -0.096431, -0.891882, -0.445618, 0.077277, -8.144908, -0.451169, 0.888537, -0.083356, 0.386091, 0.0, 0.0, 0.0, 1.0],
                [-0.034442, -0.11073, -0.993253, -0.101535, -0.893818, -0.441202, 0.080181, -8.160237, -0.447104, 0.89055, -0.083777, 0.393965, 0.0, 0.0, 0.0, 1.0],
                [-0.037448, -0.112359, -0.992962, -0.10686, -0.895757, -0.436689, 0.083196, -8.175093, -0.442963, 0.892568, -0.084293, 0.401889, 0.0, 0.0, 0.0, 1.0],
                [-0.040524, -0.114092, -0.992643, -0.112388, -0.897694, -0.432083, 0.08631, -8.189485, -0.438752, 0.894587, -0.08491, 0.409855, 0.0, 0.0, 0.0, 1.0],
                [-0.043657, -0.115923, -0.992298, -0.118102, -0.899625, -0.42739, 0.089509, -8.203424, -0.434474, 0.896604, -0.085629, 0.417857, 0.0, 0.0, 0.0, 1.0],
                [-0.046835, -0.11785, -0.991926, -0.123986, -0.901548, -0.422614, 0.092778, -8.216928, -0.430136, 0.898614, -0.086454, 0.425887, 0.0, 0.0, 0.0, 1.0],
                [-0.050048, -0.119868, -0.991528, -0.130021, -0.903458, -0.417764, 0.096107, -8.23, -0.425745, 0.900613, -0.087388, 0.433939, 0.0, 0.0, 0.0, 1.0],
                [-0.053282, -0.121973, -0.991102, -0.13619, -0.905352, -0.412844, 0.09948, -8.24266, -0.421305, 0.902597, -0.088431, 0.442004, 0.0, 0.0, 0.0, 1.0],
                [-0.05653, -0.12416, -0.990651, -0.142477, -0.907228, -0.407863, 0.102888, -8.25491, -0.416824, 0.904562, -0.089586, 0.450075, 0.0, 0.0, 0.0, 1.0],
                [-0.059778, -0.126426, -0.990173, -0.148863, -0.90908, -0.402827, 0.106315, -8.266764, -0.412309, 0.906502, -0.090852, 0.458144, 0.0, 0.0, 0.0, 1.0],
                [-0.063018, -0.128767, -0.989671, -0.155331, -0.910908, -0.397745, 0.109754, -8.278231, -0.407769, 0.908415, -0.09223, 0.466202, 0.0, 0.0, 0.0, 1.0],
                [-0.066241, -0.131176, -0.989143, -0.161866, -0.912707, -0.392623, 0.113191, -8.289319, -0.403209, 0.910296, -0.093718, 0.474241, 0.0, 0.0, 0.0, 1.0],
                [-0.069439, -0.133651, -0.988593, -0.168448, -0.914475, -0.387473, 0.116617, -8.300037, -0.398639, 0.912141, -0.095315, 0.48225, 0.0, 0.0, 0.0, 1.0],
                [-0.072602, -0.136185, -0.988019, -0.175062, -0.91621, -0.382301, 0.12002, -8.310397, -0.394066, 0.913947, -0.097019, 0.490222, 0.0, 0.0, 0.0, 1.0],
                [-0.075724, -0.138775, -0.987425, -0.181691, -0.917908, -0.377119, 0.123394, -8.320399, -0.3895, 0.915709, -0.098826, 0.498146, 0.0, 0.0, 0.0, 1.0],
                [-0.078796, -0.141413, -0.986809, -0.188319, -0.919568, -0.371934, 0.126727, -8.330055, -0.384949, 0.917424, -0.100732, 0.506013, 0.0, 0.0, 0.0, 1.0],
                [-0.081815, -0.144096, -0.986176, -0.194929, -0.921187, -0.366758, 0.130013, -8.339368, -0.380422, 0.919089, -0.102734, 0.513811, 0.0, 0.0, 0.0, 1.0],
                [-0.084772, -0.146817, -0.985524, -0.201507, -0.922763, -0.3616, 0.133242, -8.348345, -0.375928, 0.9207, -0.104824, 0.521531, 0.0, 0.0, 0.0, 1.0],
                [-0.087662, -0.14957, -0.984857, -0.208035, -0.924295, -0.35647, 0.136409, -8.356993, -0.371475, 0.922256, -0.106998, 0.52916, 0.0, 0.0, 0.0, 1.0],
                [-0.090482, -0.152348, -0.984176, -0.214499, -0.925781, -0.351381, 0.139506, -8.365315, -0.367074, 0.923754, -0.109248, 0.53669, 0.0, 0.0, 0.0, 1.0],
                [-0.093225, -0.155146, -0.983483, -0.220885, -0.927218, -0.346341, 0.142528, -8.373315, -0.362733, 0.92519, -0.111566, 0.544107, 0.0, 0.0, 0.0, 1.0],
                [-0.09589, -0.157955, -0.982779, -0.227177, -0.928607, -0.341362, 0.145469, -8.380996, -0.358461, 0.926564, -0.113945, 0.5514, 0.0, 0.0, 0.0, 1.0],
                [-0.098471, -0.160769, -0.982068, -0.233362, -0.929946, -0.336454, 0.148324, -8.388362, -0.354266, 0.927875, -0.116375, 0.558558, 0.0, 0.0, 0.0, 1.0],
                [-0.100967, -0.163579, -0.98135, -0.239425, -0.931232, -0.331629, 0.151089, -8.395417, -0.350159, 0.92912, -0.118847, 0.565569, 0.0, 0.0, 0.0, 1.0],
                [-0.103374, -0.166379, -0.980628, -0.245355, -0.932468, -0.326897, 0.15376, -8.40216, -0.346147, 0.930299, -0.12135, 0.57242, 0.0, 0.0, 0.0, 1.0],
                [-0.10569, -0.169159, -0.979906, -0.251137, -0.93365, -0.32227, 0.156334, -8.408594, -0.342239, 0.931412, -0.123875, 0.579099, 0.0, 0.0, 0.0, 1.0],
                [-0.107913, -0.171911, -0.979184, -0.25676, -0.934779, -0.317757, 0.158806, -8.414722, -0.338443, 0.932457, -0.126408, 0.585595, 0.0, 0.0, 0.0, 1.0],
                [-0.110041, -0.174626, -0.978466, -0.262211, -0.935853, -0.31337, 0.161176, -8.420548, -0.334767, 0.933437, -0.128941, 0.591893, 0.0, 0.0, 0.0, 1.0],
                [-0.112073, -0.177295, -0.977756, -0.267479, -0.936874, -0.309119, 0.163439, -8.426064, -0.33122, 0.934351, -0.131459, 0.597982, 0.0, 0.0, 0.0, 1.0],
                [-0.114007, -0.179908, -0.977054, -0.272551, -0.93784, -0.305015, 0.165595, -8.43128, -0.327808, 0.9352, -0.133951, 0.60385, 0.0, 0.0, 0.0, 1.0],
                [-0.115843, -0.182456, -0.976366, -0.277418, -0.938752, -0.301067, 0.167641, -8.436193, -0.324539, 0.935985, -0.136404, 0.609483, 0.0, 0.0, 0.0, 1.0],
                [-0.117578, -0.184929, -0.975693, -0.282068, -0.939609, -0.297287, 0.169576, -8.440803, -0.32142, 0.936708, -0.138806, 0.614869, 0.0, 0.0, 0.0, 1.0],
                [-0.119212, -0.187316, -0.975039, -0.286491, -0.940411, -0.293683, 0.171399, -8.445108, -0.318458, 0.93737, -0.141144, 0.619995, 0.0, 0.0, 0.0, 1.0],
                [-0.120744, -0.189608, -0.974407, -0.290677, -0.941158, -0.290266, 0.173107, -8.449116, -0.31566, 0.937973, -0.143404, 0.62485, 0.0, 0.0, 0.0, 1.0],
                [-0.122174, -0.191795, -0.973801, -0.294615, -0.941852, -0.287046, 0.1747, -8.452822, -0.313032, 0.938519, -0.145573, 0.62942, 0.0, 0.0, 0.0, 1.0],
                [-0.123498, -0.193865, -0.973224, -0.298296, -0.94249, -0.284031, 0.176177, -8.456223, -0.31058, 0.939011, -0.147639, 0.633692, 0.0, 0.0, 0.0, 1.0],
                [-0.124718, -0.195809, -0.972679, -0.301711, -0.943074, -0.281231, 0.177536, -8.459326, -0.308311, 0.93945, -0.149588, 0.637656, 0.0, 0.0, 0.0, 1.0],
                [-0.12583, -0.197615, -0.972171, -0.304848, -0.943605, -0.278656, 0.178776, -8.462129, -0.30623, 0.939839, -0.151407, 0.641298, 0.0, 0.0, 0.0, 1.0],
                [-0.126836, -0.199273, -0.971701, -0.307699, -0.94408, -0.276315, 0.179896, -8.464628, -0.304344, 0.940181, -0.153084, 0.644606, 0.0, 0.0, 0.0, 1.0],
                [-0.12773, -0.200774, -0.971275, -0.310254, -0.944501, -0.274215, 0.180893, -8.466831, -0.302657, 0.940476, -0.154605, 0.647569, 0.0, 0.0, 0.0, 1.0],
                [-0.128515, -0.202106, -0.970895, -0.312502, -0.944869, -0.272367, 0.181767, -8.468735, -0.301176, 0.940728, -0.15596, 0.650173, 0.0, 0.0, 0.0, 1.0],
                [-0.129186, -0.203259, -0.970565, -0.314434, -0.945181, -0.27078, 0.182515, -8.470341, -0.299907, 0.940938, -0.157136, 0.652409, 0.0, 0.0, 0.0, 1.0],
                [-0.129741, -0.204224, -0.970289, -0.31604, -0.945438, -0.269461, 0.183134, -8.471647, -0.298855, 0.941107, -0.158121, 0.654263, 0.0, 0.0, 0.0, 1.0],
                [-0.130179, -0.20499, -0.970069, -0.317309, -0.945639, -0.26842, 0.183622, -8.472661, -0.298026, 0.941238, -0.158904, 0.655725, 0.0, 0.0, 0.0, 1.0],
                [-0.130495, -0.205549, -0.969908, -0.31823, -0.945785, -0.267665, 0.183975, -8.473381, -0.297426, 0.941331, -0.159476, 0.656782, 0.0, 0.0, 0.0, 1.0],
                [-0.130688, -0.20589, -0.969809, -0.318791, -0.945872, -0.267206, 0.18419, -8.473812, -0.297062, 0.941387, -0.159825, 0.657425, 0.0, 0.0, 0.0, 1.0],
                [-0.130753, -0.206006, -0.969776, -0.31898, -0.945902, -0.267051, 0.184263, -8.473956, -0.296939, 0.941406, -0.159943, 0.657642, 0.0, 0.0, 0.0, 1.0]
            ]
        },
        {
            "name": "Tool_s_R",
            "time": [0.0, 0.0167, 0.0333, 0.05, 0.0667, 0.0833, 0.1, 0.1167, 0.1333, 0.15, 0.1667, 0.1833, 0.2, 0.2167, 0.2333, 0.25, 0.2667, 0.2833, 0.3, 0.3167, 0.3333, 0.35, 0.3667, 0.3833, 0.4, 0.4167, 0.4333, 0.45, 0.4667, 0.4833, 0.5, 0.5167, 0.5333, 0.55, 0.5667, 0.5833, 0.6, 0.6167, 0.6333, 0.65, 0.6667, 0.6833, 0.7, 0.7167, 0.7333, 0.75, 0.7667, 0.7833, 0.8, 0.8167, 0.8333, 0.85, 0.8667, 0.8833, 0.9, 0.9167, 0.9333, 0.95, 0.9667, 0.9833, 1.0, 1.0167, 1.0333, 1.05, 1.0667, 1.0833, 1.1, 1.1167, 1.1333, 1.15, 1.1667, 1.1833, 1.2, 1.2167, 1.2333, 1.25, 1.2667, 1.2833, 1.3, 1.3167, 1.3333, 1.35, 1.3667, 1.3833, 1.4, 1.4167, 1.4333, 1.45, 1.4667, 1.4833, 1.5, 1.5167, 1.5333, 1.55, 1.5667, 1.5833, 1.6, 1.6167, 1.6333, 1.65, 1.6667, 1.6833, 1.7, 1.7167, 1.7333, 1.75, 1.7667, 1.7833, 1.8, 1.8167, 1.8333, 1.85, 1.8667, 1.8833, 1.9, 1.9167, 1.9333, 1.95, 1.9667, 1.9833, 2.0, 2.0167, 2.0333, 2.05, 2.0667, 2.0833, 2.1, 2.1167, 2.1333, 2.15, 2.1667, 2.1833, 2.2, 2.2167, 2.2333, 2.25, 2.2667, 2.2833, 2.3, 2.3167, 2.3333],
            "transform": [
                [-0.088191, 0.53576, 0.839752, 0.163408, 0.089111, -0.835414, 0.54235, 0.719412, 0.99211, 0.122662, 0.025934, 1.406072, 0.0, 0.0, 0.0, 1.0],
                [-0.093295, 0.555942, 0.825969, 0.181885, 0.103051, -0.81974, 0.563389, 0.70134, 0.990292, 0.137678, 0.019187, 1.404623, 0.0, 0.0, 0.0, 1.0],
                [-0.101464, 0.607783, 0.787595, 0.23087, 0.140991, -0.774905, 0.616153, 0.642684, 0.984798, 0.173561, -0.007067, 1.403866, 0.0, 0.0, 0.0, 1.0],
                [-0.099026, 0.674029, 0.732038, 0.296343, 0.194194, -0.708419, 0.678551, 0.532846, 0.975952, 0.209352, -0.060741, 1.412492, 0.0, 0.0, 0.0, 1.0],
                [-0.074765, 0.720163, 0.689764, 0.360353, 0.24661, -0.656862, 0.712541, 0.372808, 0.966226, 0.223376, -0.12849, 1.439305, 0.0, 0.0, 0.0, 1.0],
                [-0.029205, 0.702099, 0.71148, 0.40504, 0.277616, -0.678084, 0.680538, 0.186087, 0.960248, 0.217393, -0.175111, 1.483403, 0.0, 0.0, 0.0, 1.0],
                [0.021329, 0.594583, 0.803751, 0.419545, 0.273303, -0.77678, 0.567378, 0.0013, 0.961692, 0.207566, -0.17907, 1.534459, 0.0, 0.0, 0.0, 1.0],
                [0.053809, 0.42136, 0.905296, 0.40353, 0.236036, -0.886284, 0.398482, -0.166832, 0.970253, 0.192241, -0.147146, 1.5842, 0.0, 0.0, 0.0, 1.0],
                [0.053531, 0.223933, 0.973133, 0.372517, 0.180336, -0.960675, 0.211146, -0.31138, 0.982147, 0.164188, -0.091809, 1.628446, 0.0, 0.0, 0.0, 1.0],
                [0.019015, 0.05022, 0.998557, 0.34545, 0.120412, -0.991584, 0.047577, -0.432941, 0.992542, 0.119333, -0.024902, 1.666474, 0.0, 0.0, 0.0, 1.0],
                [-0.042319, -0.057585, 0.997444, 0.337642, 0.0596, -0.996706, -0.055014, -0.533752, 0.997325, 0.057119, 0.045612, 1.698985, 0.0, 0.0, 0.0, 1.0],
                [-0.196196, -0.196063, 0.960764, 0.365438, -0.106506, -0.969749, -0.219646, -0.663568, 0.974764, -0.145421, 0.169378, 1.768902, 0.0, 0.0, 0.0, 1.0],
                [-0.445716, -0.341118, 0.827632, 0.394058, -0.413644, -0.741441, -0.528359, -0.905468, 0.793874, -0.577844, 0.189371, 1.900757, 0.0, 0.0, 0.0, 1.0],
                [-0.611777, -0.348588, 0.710081, 0.385673, -0.680551, -0.225624, -0.697097, -1.262803, 0.40321, -0.909715, -0.099201, 1.993858, 0.0, 0.0, 0.0, 1.0],
                [-0.620007, -0.345116, 0.704618, 0.380059, -0.784046, 0.238922, -0.572877, -1.621631, 0.02936, -0.907641, -0.41872, 1.989668, 0.0, 0.0, 0.0, 1.0],
                [-0.583012, -0.388506, 0.713555, 0.393157, -0.802905, 0.409831, -0.432877, -1.905059, -0.124261, -0.825289, -0.55087, 1.964053, 0.0, 0.0, 0.0, 1.0],
                [-0.563186, -0.43766, 0.70091, 0.41113, -0.815992, 0.428308, -0.388213, -2.143174, -0.1303, -0.790574, -0.598344, 1.944797, 0.0, 0.0, 0.0, 1.0],
                [-0.545063, -0.495995, 0.67594, 0.432003, -0.829463, 0.436397, -0.348638, -2.372642, -0.122055, -0.750697, -0.649273, 1.911888, 0.0, 0.0, 0.0, 1.0],
                [-0.527361, -0.56139, 0.637755, 0.454992, -0.843697, 0.434642, -0.315058, -2.593559, -0.100325, -0.704221, -0.702856, 1.865633, 0.0, 0.0, 0.0, 1.0],
                [-0.508118, -0.63184, 0.585315, 0.479222, -0.85879, 0.423385, -0.288487, -2.805975, -0.065536, -0.649248, -0.757748, 1.806139, 0.0, 0.0, 0.0, 1.0],
                [-0.484697, -0.705128, 0.517555, 0.503612, -0.874497, 0.40285, -0.270126, -3.009941, -0.018024, -0.58353, -0.811892, 1.733379, 0.0, 0.0, 0.0, 1.0],
                [-0.453815, -0.778461, 0.433649, 0.526733, -0.890125, 0.373301, -0.26139, -3.205588, 0.0416, -0.504624, -0.862336, 1.647295, 0.0, 0.0, 0.0, 1.0],
                [-0.411668, -0.848142, 0.333444, 0.546702, -0.904425, 0.33525, -0.26386, -3.393226, 0.112004, -0.410198, -0.905093, 1.547968, 0.0, 0.0, 0.0, 1.0],
                [-0.354285, -0.909353, 0.21808, 0.561143, -0.915505, 0.289748, -0.279102, -3.573477, 0.190614, -0.298535, -0.93517, 1.435885, 0.0, 0.0, 0.0, 1.0],
                [-0.278202, -0.956232, 0.090685, 0.567304, -0.92086, 0.238673, -0.308304, -3.747386, 0.273166, -0.169279, -0.946956, 1.312296, 0.0, 0.0, 0.0, 1.0],
                [-0.181477, -0.982451, -0.043097, 0.562418, -0.91764, 0.184936, -0.35176, -3.916476, 0.353557, -0.024289, -0.935098, 1.179575, 0.0, 0.0, 0.0, 1.0],
                [-0.064818, -0.982404, -0.175157, 0.544327, -0.903195, 0.13239, -0.408302, -4.082646, 0.424307, 0.131736, -0.895884, 1.041419, 0.0, 0.0, 0.0, 1.0],
                [0.067654, -0.952813, -0.295925, 0.512224, -0.87585, 0.08533, -0.47498, -4.247871, 0.477818, 0.29132, -0.828748, 0.902668, 0.0, 0.0, 0.0, 1.0],
                [0.208612, -0.894101, -0.396313, 0.467191, -0.835608, 0.04761, -0.547259, -4.413763, 0.508174, 0.445327, -0.737186, 0.768638, 0.0, 0.0, 0.0, 1.0],
                [0.34892, -0.810801, -0.469954, 0.412193, -0.784425, 0.021702, -0.619843, -4.581153, 0.512768, 0.58492, -0.62844, 0.644123, 0.0, 0.0, 0.0, 1.0],
                [0.479763, -0.710575, -0.514695, 0.351427, -0.725835, 0.008147, -0.687821, -4.749918, 0.492941, 0.703574, -0.511852, 0.532507, 0.0, 0.0, 0.0, 1.0],
                [0.594549, -0.602314, -0.532662, 0.289322, -0.66409, 0.005646, -0.747631, -4.919113, 0.453317, 0.798239, -0.396634, 0.435369, 0.0, 0.0, 0.0, 1.0],
                [0.689831, -0.494197, -0.529059, 0.22964, -0.603245, 0.01168, -0.797471, -5.087338, 0.400287, 0.869272, -0.290064, 0.35269, 0.0, 0.0, 0.0, 1.0],
                [0.765116, -0.392465, -0.510459, 0.175005, -0.546541, 0.023296, -0.837108, -5.253124, 0.340427, 0.919472, -0.196674, 0.283436, 0.0, 0.0, 0.0, 1.0],
                [0.822015, -0.301106, -0.483349, 0.126871, -0.496207, 0.037727, -0.867384, -5.415206, 0.27941, 0.952844, -0.118399, 0.226191, 0.0, 0.0, 0.0, 1.0],
                [0.863241, -0.222172, -0.45327, 0.085778, -0.45357, 0.052731, -0.889659, -5.572651, 0.221559, 0.973581, -0.055251, 0.179618, 0.0, 0.0, 0.0, 1.0],
                [0.891804, -0.156373, -0.424538, 0.051685, -0.419314, 0.066676, -0.905389, -5.724847, 0.169885, 0.985445, -0.006108, 0.142707, 0.0, 0.0, 0.0, 1.0],
                [0.910491, -0.103668, -0.400324, 0.024272, -0.393751, 0.078467, -0.915862, -5.871446, 0.126358, 0.991512, 0.030624, 0.114845, 0.0, 0.0, 0.0, 1.0],
                [0.921589, -0.063744, -0.382899, 0.00317, -0.377047, 0.087427, -0.922059, -6.012279, 0.092251, 0.99413, 0.056537, 0.095785, 0.0, 0.0, 0.0, 1.0],
                [0.926752, -0.036364, -0.37391, -0.011887, -0.369383, 0.09317, -0.924594, -6.14728, 0.068459, 0.994986, 0.072913, 0.085585, 0.0, 0.0, 0.0, 1.0],
                [0.92693, -0.021607, -0.374611, -0.020952, -0.371071, 0.095508, -0.92368, -6.276427, 0.055737, 0.995194, 0.080511, 0.084535, 0.0, 0.0, 0.0, 1.0],
                [0.924063, -0.013153, -0.382014, -0.027198, -0.379072, 0.096879, -0.920282, -6.401369, 0.049113, 0.995209, 0.084537, 0.088907, 0.0, 0.0, 0.0, 1.0],
                [0.919837, -0.004418, -0.392275, -0.033871, -0.389919, 0.09972, -0.915434, -6.523734, 0.043162, 0.995006, 0.090004, 0.094634, 0.0, 0.0, 0.0, 1.0],
                [0.914226, 0.004556, -0.40518, -0.040924, -0.403423, 0.10395, -0.90909, -6.643488, 0.037977, 0.994572, 0.096872, 0.101646, 0.0, 0.0, 0.0, 1.0],
                [0.90718, 0.013729, -0.420519, -0.048311, -0.419394, 0.10949, -0.901177, -6.760596, 0.03367, 0.993893, 0.105085, 0.109874, 0.0, 0.0, 0.0, 1.0],
                [0.898641, 0.023068, -0.438079, -0.055988, -0.437634, 0.116263, -0.891605, -6.875019, 0.030365, 0.99295, 0.114574, 0.11925, 0.0, 0.0, 0.0, 1.0],
                [0.888539, 0.032538, -0.457647, -0.063911, -0.457935, 0.124194, -0.880268, -6.986717, 0.028195, 0.991724, 0.125251, 0.129704, 0.0, 0.0, 0.0, 1.0],
                [0.876803, 0.04211, -0.479003, -0.072038, -0.480075, 0.133207, -0.867055, -7.095654, 0.027295, 0.990193, 0.137012, 0.141164, 0.0, 0.0, 0.0, 1.0],
                [0.863364, 0.051755, -0.501921, -0.080326, -0.503816, 0.143229, -0.851854, -7.201793, 0.027802, 0.988335, 0.149734, 0.153559, 0.0, 0.0, 0.0, 1.0],
                [0.848157, 0.061446, -0.526169, -0.088733, -0.528903, 0.154185, -0.834559, -7.305097, 0.029847, 0.98613, 0.163272, 0.166816, 0.0, 0.0, 0.0, 1.0],
                [0.831132, 0.071157, -0.551504, -0.097216, -0.555063, 0.165999, -0.815076, -7.405538, 0.03355, 0.983555, 0.177464, 0.180859, 0.0, 0.0, 0.0, 1.0],
                [0.812249, 0.080865, -0.577679, -0.105733, -0.582005, 0.178596, -0.793331, -7.503085, 0.039019, 0.980594, 0.192128, 0.195614, 0.0, 0.0, 0.0, 1.0],
                [0.791491, 0.090545, -0.604437, -0.11424, -0.609422, 0.1919, -0.769272, -7.597713, 0.046338, 0.977229, 0.207067, 0.211001, 0.0, 0.0, 0.0, 1.0],
                [0.768862, 0.100175, -0.631519, -0.122695, -0.636995, 0.205833, -0.742879, -7.689409, 0.055569, 0.973446, 0.222068, 0.226942, 0.0, 0.0, 0.0, 1.0],
                [0.744393, 0.109733, -0.658663, -0.131055, -0.664398, 0.220315, -0.714169, -7.778157, 0.066745, 0.969237, 0.236907, 0.243359, 0.0, 0.0, 0.0, 1.0],
                [0.718143, 0.119196, -0.685612, -0.139278, -0.691298, 0.235266, -0.683197, -7.863952, 0.079867, 0.964595, 0.251355, 0.260171, 0.0, 0.0, 0.0, 1.0],
                [0.690201, 0.128542, -0.71211, -0.147323, -0.717369, 0.250604, -0.650061, -7.946794, 0.094897, 0.959518, 0.265179, 0.277299, 0.0, 0.0, 0.0, 1.0],
                [0.660687, 0.137748, -0.737915, -0.15515, -0.742294, 0.266247, -0.614908, -8.026691, 0.111765, 0.954012, 0.278155, 0.294665, 0.0, 0.0, 0.0, 1.0],
                [0.629754, 0.146789, -0.7628, -0.162719, -0.765778, 0.282111, -0.577925, -8.103662, 0.130361, 0.948086, 0.290068, 0.312191, 0.0, 0.0, 0.0, 1.0],
                [0.597582, 0.155639, -0.786558, -0.169996, -0.78755, 0.298112, -0.539347, -8.177726, 0.150539, 0.941757, 0.30072, 0.329804, 0.0, 0.0, 0.0, 1.0],
                [0.564379, 0.164273, -0.809006, -0.176946, -0.807373, 0.314168, -0.499447, -8.248913, 0.172118, 0.935047, 0.309939, 0.347431, 0.0, 0.0, 0.0, 1.0],
                [0.530381, 0.17266, -0.829991, -0.183537, -0.825055, 0.330194, -0.458537, -8.317261, 0.194887, 0.927987, 0.317583, 0.365005, 0.0, 0.0, 0.0, 1.0],
                [0.49584, 0.18077, -0.849391, -0.189741, -0.840448, 0.346112, -0.416958, -8.382811, 0.218611, 0.920613, 0.323544, 0.382463, 0.0, 0.0, 0.0, 1.0],
                [0.461023, 0.18857, -0.867121, -0.195535, -0.853459, 0.361842, -0.375071, -8.44561, 0.243034, 0.912969, 0.327754, 0.399745, 0.0, 0.0, 0.0, 1.0],
                [0.426213, 0.196023, -0.883129, -0.200896, -0.864048, 0.377307, -0.333255, -8.505713, 0.267885, 0.905105, 0.330186, 0.416797, 0.0, 0.0, 0.0, 1.0],
                [0.391691, 0.203092, -0.897403, -0.205807, -0.872234, 0.392436, -0.291893, -8.563175, 0.292892, 0.897077, 0.330857, 0.433573, 0.0, 0.0, 0.0, 1.0],
                [0.357743, 0.209737, -0.909962, -0.210252, -0.878087, 0.40716, -0.251366, -8.618051, 0.317779, 0.88895, 0.329825, 0.450027, 0.0, 0.0, 0.0, 1.0],
                [0.324649, 0.215914, -0.920861, -0.21422, -0.88173, 0.421413, -0.212045, -8.670396, 0.342279, 0.880791, 0.32719, 0.466124, 0.0, 0.0, 0.0, 1.0],
                [0.292679, 0.221581, -0.930183, -0.217701, -0.883336, 0.435135, -0.174284, -8.72028, 0.366138, 0.872674, 0.323085, 0.48183, 0.0, 0.0, 0.0, 1.0],
                [0.262092, 0.226689, -0.93804, -0.22069, -0.883116, 0.448271, -0.138415, -8.767752, 0.389119, 0.864676, 0.317681, 0.497117, 0.0, 0.0, 0.0, 1.0],
                [0.233132, 0.231192, -0.944563, -0.223181, -0.881318, 0.460768, -0.104744, -8.812874, 0.411008, 0.85688, 0.311173, 0.511961, 0.0, 0.0, 0.0, 1.0],
                [0.206029, 0.23504, -0.949899, -0.225171, -0.878215, 0.472577, -0.073549, -8.8557, 0.431613, 0.849369, 0.30378, 0.526339, 0.0, 0.0, 0.0, 1.0],
                [0.180998, 0.238182, -0.954206, -0.226656, -0.874099, 0.483652, -0.045078, -8.896282, 0.450767, 0.84223, 0.295734, 0.540233, 0.0, 0.0, 0.0, 1.0],
                [0.158238, 0.240566, -0.957648, -0.227633, -0.869272, 0.493948, -0.019553, -8.934674, 0.468325, 0.83555, 0.287278, 0.553626, 0.0, 0.0, 0.0, 1.0],
                [0.137933, 0.242139, -0.960387, -0.228099, -0.864036, 0.503422, 0.002831, -8.970917, 0.484166, 0.829418, 0.278656, 0.5665, 0.0, 0.0, 0.0, 1.0],
                [0.120264, 0.242848, -0.96258, -0.228049, -0.858689, 0.512029, 0.021895, -9.005057, 0.498187, 0.823924, 0.27011, 0.578838, 0.0, 0.0, 0.0, 1.0],
                [0.105397, 0.242639, -0.964374, -0.227476, -0.853513, 0.519723, 0.037483, -9.037134, 0.510302, 0.819155, 0.261873, 0.590622, 0.0, 0.0, 0.0, 1.0],
                [0.093499, 0.241458, -0.965897, -0.226371, -0.848768, 0.52645, 0.049442, -9.067179, 0.520434, 0.815199, 0.254164, 0.601832, 0.0, 0.0, 0.0, 1.0],
                [0.084738, 0.239249, -0.967254, -0.224723, -0.844684, 0.532154, 0.057627, -9.095225, 0.528515, 0.812141, 0.247183, 0.612443, 0.0, 0.0, 0.0, 1.0],
                [0.079283, 0.235958, -0.968524, -0.222516, -0.841457, 0.536768, 0.06189, -9.121297, 0.534476, 0.810064, 0.241106, 0.622428, 0.0, 0.0, 0.0, 1.0],
                [0.077314, 0.231533, -0.96975, -0.219732, -0.839234, 0.540216, 0.062071, -9.145415, 0.538246, 0.809048, 0.236077, 0.631755, 0.0, 0.0, 0.0, 1.0],
                [0.07768, 0.226213, -0.970976, -0.216506, -0.837518, 0.543157, 0.059539, -9.168383, 0.54086, 0.808584, 0.23165, 0.640711, 0.0, 0.0, 0.0, 1.0],
                [0.07908, 0.220288, -0.972224, -0.212996, -0.835738, 0.546285, 0.0558, -9.190984, 0.543404, 0.808112, 0.227303, 0.649606, 0.0, 0.0, 0.0, 1.0],
                [0.081475, 0.213774, -0.97348, -0.209207, -0.833894, 0.549573, 0.050892, -9.213207, 0.545878, 0.807633, 0.223041, 0.658437, 0.0, 0.0, 0.0, 1.0],
                [0.084827, 0.206689, -0.974723, -0.205147, -0.831982, 0.552987, 0.044856, -9.235043, 0.54828, 0.807146, 0.21887, 0.667199, 0.0, 0.0, 0.0, 1.0],
                [0.089093, 0.19905, -0.975931, -0.200823, -0.829994, 0.556494, 0.037731, -9.256473, 0.55061, 0.806656, 0.21479, 0.675889, 0.0, 0.0, 0.0, 1.0],
                [0.094237, 0.190871, -0.977081, -0.196238, -0.827925, 0.56006, 0.029556, -9.277487, 0.552865, 0.806165, 0.210805, 0.684498, 0.0, 0.0, 0.0, 1.0],
                [0.100215, 0.182167, -0.978148, -0.191398, -0.825765, 0.563646, 0.020369, -9.298073, 0.55504, 0.805679, 0.206913, 0.693021, 0.0, 0.0, 0.0, 1.0],
                [0.106987, 0.172953, -0.979102, -0.186306, -0.823504, 0.567218, 0.010211, -9.318213, 0.557131, 0.805202, 0.203113, 0.70145, 0.0, 0.0, 0.0, 1.0],
