{
    "animation": [
        {
            "name": "Tool_s_L",
            "time": [0.0, 0.0167, 0.0333, 0.05, 0.0667, 0.0833, 0.1, 0.1167, 0.1333, 0.15, 0.1667, 0.1833, 0.2, 0.2167, 0.2333, 0.25, 0.2667, 0.2833, 0.3, 0.3167, 0.3333, 0.35, 0.3667, 0.3833, 0.4, 0.4167, 0.4333, 0.45, 0.4667, 0.4833, 0.5, 0.5167, 0.5333, 0.55, 0.5667, 0.5833, 0.6, 0.6167, 0.6333, 0.65, 0.6667, 0.6833, 0.7, 0.7167, 0.7333, 0.75, 0.7667, 0.7833, 0.8, 0.8167, 0.8333, 0.85, 0.8667, 0.8833, 0.9, 0.9167, 0.9333, 0.95, 0.9667, 0.9833, 1.0, 1.0167, 1.0333, 1.05, 1.0667, 1.0833, 1.1, 1.1167, 1.1333, 1.15, 1.1667, 1.1833, 1.2, 1.2167, 1.2333, 1.25, 1.2667, 1.2833, 1.3, 1.3167, 1.3333, 1.35, 1.3667, 1.3833, 1.4, 1.4167, 1.4333, 1.45, 1.4667, 1.4833, 1.5, 1.5167, 1.5333, 1.55, 1.5667, 1.5833, 1.6, 1.6167, 1.6333, 1.65, 1.6667],
            "transform": [
                [0.004744, -0.319081, -0.947715, -0.03169, -0.625052, -0.74072, 0.24626, 0.862515, -0.780568, 0.591203, -0.202956, 0.484531, 0.0, 0.0, 0.0, 1.0],
                [-0.003625, -0.342609, -0.939471, -0.014302, -0.620925, -0.735653, 0.270676, 0.870274, -0.783861, 0.584322, -0.210068, 0.49356, 0.0, 0.0, 0.0, 1.0],
                [-0.026492, -0.406301, -0.913355, 0.033266, -0.608953, -0.718024, 0.337072, 0.889709, -0.792764, 0.56512, -0.228396, 0.518427, 0.0, 0.0, 0.0, 1.0],
                [-0.060321, -0.498315, -0.864895, 0.103619, -0.589275, -0.681593, 0.433803, 0.913664, -0.805676, 0.535829, -0.252531, 0.555715, 0.0, 0.0, 0.0, 1.0],
                [-0.101377, -0.604864, -0.789849, 0.188533, -0.561962, -0.620325, 0.547171, 0.934904, -0.820927, 0.499336, -0.277024, 0.601718, 0.0, 0.0, 0.0, 1.0],
                [-0.145837, -0.711213, -0.687682, 0.279182, -0.527584, -0.53211, 0.662203, 0.947951, -0.836891, 0.459384, -0.297623, 0.652407, 0.0, 0.0, 0.0, 1.0],
                [-0.190013, -0.803969, -0.563497, 0.366967, -0.487617, -0.420878, 0.764912, 0.950272, -0.852129, 0.420114, -0.312057, 0.703662, 0.0, 0.0, 0.0, 1.0],
                [-0.230647, -0.873884, -0.427935, 0.444702, -0.444619, -0.296542, 0.845208, 0.942552, -0.865514, 0.385213, -0.32015, 0.751662, 0.0, 0.0, 0.0, 1.0],
                [-0.265186, -0.917893, -0.295209, 0.5076, -0.402171, -0.172967, 0.899078, 0.928061, -0.876319, 0.357147, -0.323282, 0.793249, 0.0, 0.0, 0.0, 1.0],
                [-0.291901, -0.939294, -0.180331, 0.553583, -0.3646, -0.065028, 0.928891, 0.911439, -0.884228, 0.336893, -0.323485, 0.826074, 0.0, 0.0, 0.0, 1.0],
                [-0.309757, -0.945863, -0.096921, 0.582671, -0.336589, 0.013749, 0.941551, 0.897461, -0.889246, 0.324274, -0.322626, 0.848444, 0.0, 0.0, 0.0, 1.0],
                [-0.321292, -0.946171, -0.039144, 0.600779, -0.317751, 0.068776, 0.945676, 0.885082, -0.892079, 0.316277, -0.322743, 0.862846, 0.0, 0.0, 0.0, 1.0],
                [-0.32999, -0.943955, 0.007452, 0.614142, -0.304033, 0.113752, 0.945845, 0.871389, -0.893683, 0.309854, -0.324531, 0.873382, 0.0, 0.0, 0.0, 1.0],
                [-0.336422, -0.940686, 0.043934, 0.623835, -0.294555, 0.149426, 0.94388, 0.857729, -0.894459, 0.304601, -0.327354, 0.880899, 0.0, 0.0, 0.0, 1.0],
                [-0.341055, -0.937323, 0.071467, 0.630702, -0.288357, 0.176675, 0.941082, 0.845298, -0.894724, 0.300353, -0.33054, 0.886103, 0.0, 0.0, 0.0, 1.0],
                [-0.344277, -0.934424, 0.091244, 0.635399, -0.28443, 0.196423, 0.938359, 0.835207, -0.894747, 0.297103, -0.333402, 0.889609, 0.0, 0.0, 0.0, 1.0],
                [-0.346418, -0.932247, 0.104447, 0.638445, -0.281728, 0.209592, 0.936322, 0.828518, -0.894775, 0.294933, -0.335247, 0.891979, 0.0, 0.0, 0.0, 1.0],
                [-0.347779, -0.930835, 0.112234, 0.640257, -0.279187, 0.217092, 0.935375, 0.826266, -0.895044, 0.293969, -0.335377, 0.893751, 0.0, 0.0, 0.0, 1.0],
                [-0.34864, -0.930083, 0.115741, 0.641188, -0.275724, 0.219803, 0.935768, 0.829471, -0.895782, 0.294334, -0.333078, 0.895461, 0.0, 0.0, 0.0, 1.0],
                [-0.349286, -0.929797, 0.116087, 0.641555, -0.270243, 0.218587, 0.93765, 0.839139, -0.8972, 0.296137, -0.327621, 0.897642, 0.0, 0.0, 0.0, 1.0],
                [-0.350009, -0.929735, 0.114394, 0.641666, -0.261632, 0.214284, 0.94108, 0.856253, -0.899468, 0.299458, -0.31825, 0.900827, 0.0, 0.0, 0.0, 1.0],
                [-0.241489, -0.925679, -0.291206, 0.478453, -0.375944, -0.187409, 0.907493, 1.239614, -0.894622, 0.328626, -0.302746, 0.88937, 0.0, 0.0, 0.0, 1.0],
                [0.154873, -0.255519, -0.954319, -0.201789, -0.468563, -0.869413, 0.156744, 1.663677, -0.869748, 0.422884, -0.254376, 0.841025, 0.0, 0.0, 0.0, 1.0],
                [0.524391, 0.762217, -0.379525, -0.775438, -0.142292, -0.361012, -0.921641, 1.130632, -0.839504, 0.537304, -0.080854, 0.798236, 0.0, 0.0, 0.0, 1.0],
                [0.492923, 0.621978, 0.608416, -0.496183, 0.225537, 0.584028, -0.779772, 0.497592, -0.840333, 0.521588, 0.147602, 0.840687, 0.0, 0.0, 0.0, 1.0],
                [0.412635, 0.309691, 0.856635, -0.241542, 0.328025, 0.826817, -0.456918, 0.362046, -0.849783, 0.469538, 0.239587, 0.88533, 0.0, 0.0, 0.0, 1.0],
                [0.416654, 0.310641, 0.854343, -0.244709, 0.325185, 0.826688, -0.459175, 0.365562, -0.848913, 0.469137, 0.243427, 0.886781, 0.0, 0.0, 0.0, 1.0],
                [0.421857, 0.313645, 0.850684, -0.249784, 0.322302, 0.825098, -0.464042, 0.369863, -0.847442, 0.469936, 0.246985, 0.887426, 0.0, 0.0, 0.0, 1.0],
                [0.428214, 0.318598, 0.845653, -0.256683, 0.319328, 0.822071, -0.471412, 0.374955, -0.845377, 0.471906, 0.250285, 0.887288, 0.0, 0.0, 0.0, 1.0],
                [0.435699, 0.325387, 0.839219, -0.265322, 0.316204, 0.81761, -0.481173, 0.380859, -0.842722, 0.475012, 0.253343, 0.886392, 0.0, 0.0, 0.0, 1.0],
                [0.444284, 0.333888, 0.831342, -0.275611, 0.31286, 0.811709, -0.493201, 0.387611, -0.839482, 0.479215, 0.25617, 0.884765, 0.0, 0.0, 0.0, 1.0],
                [0.453942, 0.343969, 0.821962, -0.287458, 0.309213, 0.804343, -0.507364, 0.395256, -0.835657, 0.484475, 0.258765, 0.882433, 0.0, 0.0, 0.0, 1.0],
                [0.464641, 0.355487, 0.81101, -0.300765, 0.305174, 0.795484, -0.523521, 0.403848, -0.83125, 0.490749, 0.26113, 0.879424, 0.0, 0.0, 0.0, 1.0],
                [0.476348, 0.36829, 0.798407, -0.31543, 0.300643, 0.785093, -0.541519, 0.413451, -0.82626, 0.497988, 0.263253, 0.875768, 0.0, 0.0, 0.0, 1.0],
                [0.489024, 0.382219, 0.784069, -0.331344, 0.295517, 0.773127, -0.561199, 0.424131, -0.820686, 0.506145, 0.265126, 0.871494, 0.0, 0.0, 0.0, 1.0],
                [0.502621, 0.397103, 0.767907, -0.348393, 0.289682, 0.759546, -0.582386, 0.435958, -0.814528, 0.515169, 0.26673, 0.866632, 0.0, 0.0, 0.0, 1.0],
                [0.517085, 0.412763, 0.749833, -0.366457, 0.283026, 0.744308, -0.604898, 0.449006, -0.807786, 0.525006, 0.268048, 0.861213, 0.0, 0.0, 0.0, 1.0],
                [0.532354, 0.429014, 0.729758, -0.385409, 0.275429, 0.727377, -0.628539, 0.463343, -0.800461, 0.535601, 0.269059, 0.85527, 0.0, 0.0, 0.0, 1.0],
                [0.54835, 0.44566, 0.7076, -0.405112, 0.266774, 0.708723, -0.653102, 0.479041, -0.792555, 0.546898, 0.269738, 0.848835, 0.0, 0.0, 0.0, 1.0],
                [0.564991, 0.462501, 0.683284, -0.425424, 0.256941, 0.688326, -0.678372, 0.496162, -0.78407, 0.558838, 0.270062, 0.841943, 0.0, 0.0, 0.0, 1.0],
                [0.582176, 0.479331, 0.656744, -0.446198, 0.245816, 0.666176, -0.704119, 0.514766, -0.775013, 0.571359, 0.270004, 0.834629, 0.0, 0.0, 0.0, 1.0],
                [0.599795, 0.495937, 0.627926, -0.467278, 0.233286, 0.642278, -0.730107, 0.534902, -0.765391, 0.584401, 0.26954, 0.826929, 0.0, 0.0, 0.0, 1.0],
                [0.617725, 0.512108, 0.596792, -0.488502, 0.219248, 0.616652, -0.756089, 0.556612, -0.755212, 0.597901, 0.268643, 0.81888, 0.0, 0.0, 0.0, 1.0],
                [0.635829, 0.52763, 0.563319, -0.509704, 0.203604, 0.589336, -0.781811, 0.579924, -0.744491, 0.611792, 0.267289, 0.81052, 0.0, 0.0, 0.0, 1.0],
                [0.653957, 0.54229, 0.527505, -0.530713, 0.186271, 0.560385, -0.807014, 0.604856, -0.733241, 0.626011, 0.265455, 0.80189, 0.0, 0.0, 0.0, 1.0],
                [0.671949, 0.55588, 0.489368, -0.551358, 0.167173, 0.529874, -0.831436, 0.63141, -0.721483, 0.640492, 0.26312, 0.793028, 0.0, 0.0, 0.0, 1.0],
                [0.689632, 0.5682, 0.44895, -0.571463, 0.146255, 0.497899, -0.854814, 0.659575, -0.709237, 0.655168, 0.260265, 0.783977, 0.0, 0.0, 0.0, 1.0],
                [0.706825, 0.579056, 0.406315, -0.590856, 0.123476, 0.464574, -0.876883, 0.68932, -0.696528, 0.669973, 0.256873, 0.774778, 0.0, 0.0, 0.0, 1.0],
                [0.723339, 0.588269, 0.361551, -0.609364, 0.098813, 0.430035, -0.897388, 0.720603, -0.683385, 0.684842, 0.252933, 0.765473, 0.0, 0.0, 0.0, 1.0],
                [0.738979, 0.595673, 0.314775, -0.626822, 0.072265, 0.394437, -0.916077, 0.753361, -0.669841, 0.699709, 0.248434, 0.756106, 0.0, 0.0, 0.0, 1.0],
                [0.753546, 0.601121, 0.266124, -0.643068, 0.043853, 0.357951, -0.93271, 0.787516, -0.655931, 0.714511, 0.243371, 0.74672, 0.0, 0.0, 0.0, 1.0],
                [0.766841, 0.604483, 0.215764, -0.657951, 0.01362, 0.320765, -0.947061, 0.822972, -0.641692, 0.729184, 0.237743, 0.737357, 0.0, 0.0, 0.0, 1.0],
                [0.778668, 0.605655, 0.16388, -0.671328, -0.018369, 0.283084, -0.958919, 0.859619, -0.627166, 0.74367, 0.231554, 0.728061, 0.0, 0.0, 0.0, 1.0],
                [0.788834, 0.604556, 0.110683, -0.683071, -0.052023, 0.245121, -0.968096, 0.897329, -0.612399, 0.757909, 0.22481, 0.718876, 0.0, 0.0, 0.0, 1.0],
                [0.797157, 0.601132, 0.056402, -0.693064, -0.087227, 0.207099, -0.974424, 0.935964, -0.597438, 0.771848, 0.217525, 0.709841, 0.0, 0.0, 0.0, 1.0],
                [0.803462, 0.595355, 0.001284, -0.70121, -0.123847, 0.169247, -0.977761, 0.97537, -0.582332, 0.785435, 0.209716, 0.701, 0.0, 0.0, 0.0, 1.0],
                [0.807592, 0.587226, -0.054409, -0.707428, -0.161722, 0.131796, -0.977996, 1.015386, -0.567133, 0.798621, 0.201405, 0.692392, 0.0, 0.0, 0.0, 1.0],
                [0.809408, 0.576775, -0.110404, -0.711655, -0.200675, 0.094975, -0.975043, 1.05584, -0.551895, 0.811363, 0.192618, 0.684055, 0.0, 0.0, 0.0, 1.0],
                [0.808788, 0.564062, -0.166421, -0.71385, -0.240509, 0.059008, -0.968851, 1.096555, -0.536672, 0.823621, 0.183387, 0.676027, 0.0, 0.0, 0.0, 1.0],
                [0.805635, 0.549173, -0.222173, -0.713992, -0.281013, 0.02411, -0.959401, 1.137352, -0.521521, 0.83536, 0.173749, 0.668343, 0.0, 0.0, 0.0, 1.0],
                [0.799876, 0.532222, -0.277377, -0.712083, -0.321961, -0.009517, -0.946705, 1.178048, -0.506497, 0.846551, 0.163742, 0.661037, 0.0, 0.0, 0.0, 1.0],
                [0.791466, 0.513346, -0.331749, -0.708141, -0.363119, -0.041686, -0.93081, 1.218462, -0.491657, 0.857168, 0.153413, 0.654138, 0.0, 0.0, 0.0, 1.0],
                [0.780385, 0.492707, -0.385017, -0.702211, -0.404246, -0.072231, -0.911794, 1.258421, -0.477057, 0.867192, 0.142807, 0.647677, 0.0, 0.0, 0.0, 1.0],
                [0.766645, 0.470485, -0.436919, -0.694354, -0.4451, -0.101006, -0.889766, 1.297752, -0.462753, 0.876608, 0.131978, 0.641679, 0.0, 0.0, 0.0, 1.0],
                [0.750286, 0.446879, -0.487207, -0.684651, -0.485438, -0.12789, -0.864866, 1.336298, -0.448799, 0.885406, 0.120978, 0.636168, 0.0, 0.0, 0.0, 1.0],
                [0.731374, 0.422098, -0.535654, -0.6732, -0.525024, -0.152791, -0.83726, 1.373908, -0.435249, 0.893581, 0.109864, 0.631166, 0.0, 0.0, 0.0, 1.0],
                [0.710006, 0.396364, -0.582054, -0.660117, -0.563629, -0.175641, -0.807138, 1.410444, -0.422153, 0.901136, 0.098697, 0.626691, 0.0, 0.0, 0.0, 1.0],
                [0.686305, 0.369904, -0.626224, -0.645529, -0.601037, -0.196401, -0.774713, 1.445785, -0.409561, 0.908073, 0.087535, 0.622758, 0.0, 0.0, 0.0, 1.0],
                [0.660417, 0.342948, -0.668009, -0.629578, -0.637046, -0.215064, -0.740216, 1.479826, -0.39752, 0.914404, 0.076442, 0.619383, 0.0, 0.0, 0.0, 1.0],
                [0.632512, 0.315723, -0.707282, -0.612414, -0.671472, -0.231646, -0.703893, 1.512477, -0.386074, 0.92014, 0.06548, 0.616575, 0.0, 0.0, 0.0, 1.0],
                [0.60278, 0.288454, -0.743943, -0.594196, -0.704153, -0.246197, -0.666, 1.543666, -0.375266, 0.925301, 0.054713, 0.614345, 0.0, 0.0, 0.0, 1.0],
                [0.571491, 0.26124, -0.777915, -0.575051, -0.734868, -0.258949, -0.626828, 1.573386, -0.365193, 0.929892, 0.04399, 0.612675, 0.0, 0.0, 0.0, 1.0],
                [0.53894, 0.234111, -0.809157, -0.555085, -0.763458, -0.270124, -0.586656, 1.601642, -0.355915, 0.93393, 0.033154, 0.611521, 0.0, 0.0, 0.0, 1.0],
                [0.505363, 0.207178, -0.837667, -0.53443, -0.789881, -0.279766, -0.545728, 1.628401, -0.347414, 0.937447, 0.022262, 0.610853, 0.0, 0.0, 0.0, 1.0],
                [0.470997, 0.180544, -0.863461, -0.513222, -0.814118, -0.287935, -0.504286, 1.653645, -0.339666, 0.940477, 0.011368, 0.610641, 0.0, 0.0, 0.0, 1.0],
                [0.436074, 0.15431, -0.886582, -0.491591, -0.836172, -0.294693, -0.462571, 1.677362, -0.332649, 0.94305, 0.000522, 0.610852, 0.0, 0.0, 0.0, 1.0],
                [0.40082, 0.12857, -0.90709, -0.469672, -0.856065, -0.300116, -0.420812, 1.699556, -0.326336, 0.945198, -0.010229, 0.611453, 0.0, 0.0, 0.0, 1.0],
                [0.365458, 0.103411, -0.925066, -0.447593, -0.873838, -0.304284, -0.379235, 1.720237, -0.320699, 0.946952, -0.020839, 0.612413, 0.0, 0.0, 0.0, 1.0],
                [0.330197, 0.078912, -0.940608, -0.425482, -0.88955, -0.307281, -0.338052, 1.739428, -0.315708, 0.948341, -0.031267, 0.613699, 0.0, 0.0, 0.0, 1.0],
                [0.295239, 0.055148, -0.95383, -0.403462, -0.903276, -0.309201, -0.297468, 1.75716, -0.31133, 0.949396, -0.041475, 0.615278, 0.0, 0.0, 0.0, 1.0],
                [0.260776, 0.032185, -0.964863, -0.38165, -0.915106, -0.310137, -0.257674, 1.773471, -0.307533, 0.950146, -0.051424, 0.617117, 0.0, 0.0, 0.0, 1.0],
                [0.226989, 0.010081, -0.973845, -0.360162, -0.925142, -0.310189, -0.218848, 1.788408, -0.304283, 0.950621, -0.061083, 0.619182, 0.0, 0.0, 0.0, 1.0],
                [0.194043, -0.011111, -0.98093, -0.339105, -0.933498, -0.309457, -0.181155, 1.802023, -0.301543, 0.950848, -0.07042, 0.62144, 0.0, 0.0, 0.0, 1.0],
                [0.162094, -0.031346, -0.986277, -0.318582, -0.940296, -0.308043, -0.144747, 1.814375, -0.299279, 0.950855, -0.079406, 0.623857, 0.0, 0.0, 0.0, 1.0],
                [0.131286, -0.050584, -0.990053, -0.29869, -0.945667, -0.306049, -0.109763, 1.825526, -0.297452, 0.950671, -0.088016, 0.6264, 0.0, 0.0, 0.0, 1.0],
                [0.101748, -0.068794, -0.992428, -0.279518, -0.949745, -0.303575, -0.076328, 1.835543, -0.296025, 0.95032, -0.096225, 0.629035, 0.0, 0.0, 0.0, 1.0],
                [0.073599, -0.085948, -0.993577, -0.261153, -0.95267, -0.300722, -0.044555, 1.844495, -0.294961, 0.949831, -0.104012, 0.631729, 0.0, 0.0, 0.0, 1.0],
                [0.046944, -0.102021, -0.993674, -0.243673, -0.954584, -0.297587, -0.014544, 1.852449, -0.294221, 0.949227, -0.111357, 0.63445, 0.0, 0.0, 0.0, 1.0],
                [0.02188, -0.116996, -0.992892, -0.227151, -0.955627, -0.294266, 0.013615, 1.859478, -0.293767, 0.948536, -0.118243, 0.637162, 0.0, 0.0, 0.0, 1.0],
                [-0.001508, -0.130856, -0.9914, -0.211655, -0.955939, -0.290846, 0.039843, 1.865651, -0.293559, 0.947779, -0.124652, 0.639836, 0.0, 0.0, 0.0, 1.0],
                [-0.023146, -0.143588, -0.989367, -0.197248, -0.95566, -0.287417, 0.06407, 1.871035, -0.29356, 0.946981, -0.130569, 0.642436, 0.0, 0.0, 0.0, 1.0],
                [-0.042963, -0.155181, -0.986951, -0.183988, -0.954921, -0.284058, 0.086232, 1.875696, -0.293733, 0.946165, -0.135982, 0.644933, 0.0, 0.0, 0.0, 1.0],
                [-0.060899, -0.165623, -0.984307, -0.171931, -0.953851, -0.280845, 0.106271, 1.879696, -0.294039, 0.945354, -0.140876, 0.647293, 0.0, 0.0, 0.0, 1.0],
                [-0.076901, -0.174902, -0.981578, -0.161127, -0.952571, -0.277847, 0.124136, 1.883093, -0.29444, 0.944568, -0.14524, 0.649486, 0.0, 0.0, 0.0, 1.0],
                [-0.090916, -0.183008, -0.978898, -0.151624, -0.951192, -0.275126, 0.139779, 1.885937, -0.294901, 0.943829, -0.149062, 0.651481, 0.0, 0.0, 0.0, 1.0],
                [-0.102899, -0.189925, -0.976391, -0.143468, -0.94982, -0.272737, 0.153151, 1.888275, -0.295385, 0.943155, -0.152331, 0.653248, 0.0, 0.0, 0.0, 1.0],
                [-0.112803, -0.195639, -0.974167, -0.136702, -0.948548, -0.270726, 0.164205, 1.890145, -0.295857, 0.942567, -0.155034, 0.654756, 0.0, 0.0, 0.0, 1.0],
                [-0.120586, -0.200129, -0.972321, -0.131369, -0.947457, -0.26913, 0.172896, 1.891578, -0.296282, 0.942081, -0.15716, 0.655978, 0.0, 0.0, 0.0, 1.0],
                [-0.126202, -0.203372, -0.970934, -0.12751, -0.946618, -0.267976, 0.179172, 1.892594, -0.296626, 0.941716, -0.158696, 0.656885, 0.0, 0.0, 0.0, 1.0],
                [-0.129608, -0.205342, -0.970071, -0.125165, -0.946086, -0.267281, 0.18298, 1.893205, -0.296855, 0.941485, -0.159629, 0.657448, 0.0, 0.0, 0.0, 1.0],
                [-0.130753, -0.206006, -0.969776, -0.124375, -0.945902, -0.267051, 0.184263, 1.89341, -0.296939, 0.941406, -0.159943, 0.657642, 0.0, 0.0, 0.0, 1.0]
            ]
        },
        {
            "name": "Tool_s_R",
            "time": [0.0, 0.0167, 0.0333, 0.05, 0.0667, 0.0833, 0.1, 0.1167, 0.1333, 0.15, 0.1667, 0.1833, 0.2, 0.2167, 0.2333, 0.25, 0.2667, 0.2833, 0.3, 0.3167, 0.3333, 0.35, 0.3667, 0.3833, 0.4, 0.4167, 0.4333, 0.45, 0.4667, 0.4833, 0.5, 0.5167, 0.5333, 0.55, 0.5667, 0.5833, 0.6, 0.6167, 0.6333, 0.65, 0.6667, 0.6833, 0.7, 0.7167, 0.7333, 0.75, 0.7667, 0.7833, 0.8, 0.8167, 0.8333, 0.85, 0.8667, 0.8833, 0.9, 0.9167, 0.9333, 0.95, 0.9667, 0.9833, 1.0, 1.0167, 1.0333, 1.05, 1.0667, 1.0833, 1.1, 1.1167, 1.1333, 1.15, 1.1667, 1.1833, 1.2, 1.2167, 1.2333, 1.25, 1.2667, 1.2833, 1.3, 1.3167, 1.3333, 1.35, 1.3667, 1.3833, 1.4, 1.4167, 1.4333, 1.45, 1.4667, 1.4833, 1.5, 1.5167, 1.5333, 1.55, 1.5667, 1.5833, 1.6, 1.6167, 1.6333, 1.65, 1.6667],
            "transform": [
                [0.239416, -0.881279, -0.407466, 0.214236, -0.344605, 0.315218, -0.884242, -0.695183, 0.907705, 0.352116, -0.228225, 0.758062, 0.0, 0.0, 0.0, 1.0],
                [0.238372, -0.892922, -0.381927, 0.217019, -0.345179, 0.289689, -0.89271, -0.682423, 0.907761, 0.34463, -0.239164, 0.761974, 0.0, 0.0, 0.0, 1.0],
                [0.235369, -0.919525, -0.314763, 0.222904, -0.346749, 0.223102, -0.911038, -0.648058, 0.907947, 0.323574, -0.266333, 0.772759, 0.0, 0.0, 0.0, 1.0],
                [0.230473, -0.947218, -0.222847, 0.227586, -0.349117, 0.133275, -0.927553, -0.598591, 0.908295, 0.291576, -0.299973, 0.788759, 0.0, 0.0, 0.0, 1.0],
                [0.223702, -0.966916, -0.122602, 0.22805, -0.352149, 0.03711, -0.935207, -0.540344, 0.908817, 0.252383, -0.332197, 0.80796, 0.0, 0.0, 0.0, 1.0],
                [0.215193, -0.976247, -0.025185, 0.223422, -0.355731, -0.054344, -0.933007, -0.478267, 0.909476, 0.209736, -0.358976, 0.828394, 0.0, 0.0, 0.0, 1.0],
                [0.205309, -0.976571, 0.064476, 0.214323, -0.359688, -0.13656, -0.923025, -0.41577, 0.910205, 0.166314, -0.379298, 0.848547, 0.0, 0.0, 0.0, 1.0],
                [0.194677, -0.970066, 0.145168, 0.202059, -0.363747, -0.208846, -0.907783, -0.355485, 0.910928, 0.12392, -0.393516, 0.867382, 0.0, 0.0, 0.0, 1.0],
                [0.184168, -0.958804, 0.21628, 0.188261, -0.367564, -0.271262, -0.889558, -0.300162, 0.91158, 0.084332, -0.402379, 0.884107, 0.0, 0.0, 0.0, 1.0],
                [0.174845, -0.945206, 0.275709, 0.17487, -0.37078, -0.322617, -0.870885, -0.253241, 0.912114, 0.050042, -0.406871, 0.897914, 0.0, 0.0, 0.0, 1.0],
                [0.167873, -0.93273, 0.319114, 0.164173, -0.373074, -0.359742, -0.85522, -0.218988, 0.912488, 0.024516, -0.408368, 0.907809, 0.0, 0.0, 0.0, 1.0],
                [0.163508, -0.923334, 0.347448, 0.155855, -0.374057, -0.383914, -0.844211, -0.197206, 0.912879, 0.00807, -0.408152, 0.914901, 0.0, 0.0, 0.0, 1.0],
                [0.160971, -0.916362, 0.366564, 0.148257, -0.373835, -0.400345, -0.836643, -0.183364, 0.91342, -0.002359, -0.407012, 0.921011, 0.0, 0.0, 0.0, 1.0],
                [0.159843, -0.911797, 0.378256, 0.141706, -0.372851, -0.410565, -0.832117, -0.175644, 0.91402, -0.008025, -0.405589, 0.926095, 0.0, 0.0, 0.0, 1.0],
                [0.159643, -0.909191, 0.38456, 0.136381, -0.371525, -0.416251, -0.829882, -0.172146, 0.914595, -0.010389, -0.404239, 0.930146, 0.0, 0.0, 0.0, 1.0],
                [0.159867, -0.90783, 0.387669, 0.132362, -0.370261, -0.419194, -0.828965, -0.170917, 0.915068, -0.011014, -0.403149, 0.93317, 0.0, 0.0, 0.0, 1.0],
                [0.159995, -0.906872, 0.389851, 0.129682, -0.369452, -0.421248, -0.828284, -0.16997, 0.915373, -0.01151, -0.402443, 0.93518, 0.0, 0.0, 0.0, 1.0],
                [0.159508, -0.905422, 0.393407, 0.128354, -0.369487, -0.4243, -0.82671, -0.167295, 0.915444, -0.013492, -0.402221, 0.936186, 0.0, 0.0, 0.0, 1.0],
                [0.157886, -0.902524, 0.400653, 0.128371, -0.370764, -0.430238, -0.823061, -0.160867, 0.915208, -0.018598, -0.402552, 0.936202, 0.0, 0.0, 0.0, 1.0],
                [0.1546, -0.897075, 0.413951, 0.12969, -0.373699, -0.440956, -0.816031, -0.148628, 0.914576, -0.028535, -0.403407, 0.935256, 0.0, 0.0, 0.0, 1.0],
                [0.149099, -0.887618, 0.435779, 0.132171, -0.378734, -0.45836, -0.804031, -0.128466, 0.913417, -0.045164, -0.404512, 0.933421, 0.0, 0.0, 0.0, 1.0],
                [0.157382, -0.734676, 0.659911, 0.320231, -0.326738, -0.669342, -0.667251, 0.087627, 0.931919, -0.110604, -0.345389, 0.965158, 0.0, 0.0, 0.0, 1.0],
                [0.188579, -0.058665, 0.980304, 0.663918, -0.190803, -0.981381, -0.022025, 0.753378, 0.963344, -0.182891, -0.196261, 1.040852, 0.0, 0.0, 0.0, 1.0],
                [0.147163, 0.089477, 0.985057, 0.620913, 0.143677, -0.987271, 0.068213, 1.737899, 0.978622, 0.131492, -0.158146, 0.984475, 0.0, 0.0, 0.0, 1.0],
                [0.495616, 0.082111, 0.864651, 0.196056, 0.017668, -0.996268, 0.084483, 2.122818, 0.868362, -0.026594, -0.495218, 1.037267, 0.0, 0.0, 0.0, 1.0],
                [0.790112, -0.007284, 0.61292, 0.074186, 0.00127, -0.999908, -0.013519, 2.162325, 0.612962, 0.01146, -0.79003, 0.987351, 0.0, 0.0, 0.0, 1.0],
                [0.801012, -0.005327, 0.598625, 0.073395, 0.017364, -0.999333, -0.032127, 2.16336, 0.598397, 0.036129, -0.800385, 0.971055, 0.0, 0.0, 0.0, 1.0],
                [0.809963, -0.004233, 0.586466, 0.074352, 0.031538, -0.998213, -0.050762, 2.163908, 0.585633, 0.059611, -0.808382, 0.955936, 0.0, 0.0, 0.0, 1.0],
                [0.817153, -0.004074, 0.576408, 0.077048, 0.043933, -0.996627, -0.069326, 2.163999, 0.574745, 0.081974, -0.814216, 0.941939, 0.0, 0.0, 0.0, 1.0],
                [0.822738, -0.004919, 0.5684, 0.081473, 0.054696, -0.994637, -0.087778, 2.163646, 0.565783, 0.103307, -0.818057, 0.928998, 0.0, 0.0, 0.0, 1.0],
                [0.826851, -0.006826, 0.56238, 0.087611, 0.06398, -0.992294, -0.106113, 2.162843, 0.55877, 0.12372, -0.820042, 0.917046, 0.0, 0.0, 0.0, 1.0],
                [0.829598, -0.009848, 0.558275, 0.095444, 0.071943, -0.989625, -0.124364, 2.161573, 0.553707, 0.143336, -0.820282, 0.906006, 0.0, 0.0, 0.0, 1.0],
                [0.831065, -0.014031, 0.555999, 0.10495, 0.078742, -0.986644, -0.142597, 2.1598, 0.550574, 0.162288, -0.81886, 0.895802, 0.0, 0.0, 0.0, 1.0],
                [0.83132, -0.019419, 0.555455, 0.116105, 0.084535, -0.983344, -0.160897, 2.157475, 0.549328, 0.180713, -0.815832, 0.886356, 0.0, 0.0, 0.0, 1.0],
                [0.830419, -0.02605, 0.556531, 0.128879, 0.089479, -0.979704, -0.179372, 2.154536, 0.549908, 0.198751, -0.811233, 0.87759, 0.0, 0.0, 0.0, 1.0],
                [0.828404, -0.033963, 0.559101, 0.143242, 0.093727, -0.975682, -0.198141, 2.150908, 0.552234, 0.216543, -0.805075, 0.869431, 0.0, 0.0, 0.0, 1.0],
                [0.825313, -0.043193, 0.563021, 0.159155, 0.097431, -0.971224, -0.21733, 2.146506, 0.556207, 0.234221, -0.797355, 0.861807, 0.0, 0.0, 0.0, 1.0],
                [0.821181, -0.053773, 0.568129, 0.176577, 0.100743, -0.966255, -0.237071, 2.141234, 0.561706, 0.251913, -0.788052, 0.854653, 0.0, 0.0, 0.0, 1.0],
                [0.816042, -0.065735, 0.574242, 0.195461, 0.103806, -0.960689, -0.25749, 2.13499, 0.568594, 0.269732, -0.777139, 0.847912, 0.0, 0.0, 0.0, 1.0],
                [0.809938, -0.079106, 0.581156, 0.215751, 0.106764, -0.954423, -0.278708, 2.127661, 0.576716, 0.287783, -0.764578, 0.841531, 0.0, 0.0, 0.0, 1.0],
                [0.802919, -0.093909, 0.588644, 0.237382, 0.109749, -0.947341, -0.300833, 2.119132, 0.585898, 0.306148, -0.750332, 0.83547, 0.0, 0.0, 0.0, 1.0],
                [0.795048, -0.11016, 0.596459, 0.260282, 0.112889, -0.939313, -0.323957, 2.10928, 0.595949, 0.324895, -0.734363, 0.829697, 0.0, 0.0, 0.0, 1.0],
                [0.786404, -0.127865, 0.604334, 0.284364, 0.116299, -0.930197, -0.348148, 2.097983, 0.606666, 0.344069, -0.71664, 0.824192, 0.0, 0.0, 0.0, 1.0],
                [0.777086, -0.147018, 0.611983, 0.309528, 0.12008, -0.919845, -0.373452, 2.085118, 0.617833, 0.363691, -0.697145, 0.818945, 0.0, 0.0, 0.0, 1.0],
                [0.767215, -0.167595, 0.619107, 0.335661, 0.124316, -0.908097, -0.399882, 2.070567, 0.629227, 0.38376, -0.675871, 0.813958, 0.0, 0.0, 0.0, 1.0],
                [0.756934, -0.189554, 0.625396, 0.362632, 0.129068, -0.894792, -0.42742, 2.054212, 0.640619, 0.404248, -0.652834, 0.809245, 0.0, 0.0, 0.0, 1.0],
                [0.746409, -0.212829, 0.630537, 0.390292, 0.134371, -0.879769, -0.456017, 2.035951, 0.65178, 0.425102, -0.628069, 0.804829, 0.0, 0.0, 0.0, 1.0],
                [0.735827, -0.237327, 0.63422, 0.418474, 0.140232, -0.862869, -0.485585, 2.01569, 0.662491, 0.446245, -0.601641, 0.800743, 0.0, 0.0, 0.0, 1.0],
                [0.725392, -0.262925, 0.636143, 0.446993, 0.146623, -0.843943, -0.516005, 1.993351, 0.672539, 0.467579, -0.573638, 0.797029, 0.0, 0.0, 0.0, 1.0],
                [0.71532, -0.289471, 0.636022, 0.475647, 0.153481, -0.82286, -0.547124, 1.968878, 0.681734, 0.488986, -0.54418, 0.793733, 0.0, 0.0, 0.0, 1.0],
                [0.705838, -0.31678, 0.633596, 0.504216, 0.160706, -0.799507, -0.578759, 1.942234, 0.689903, 0.510333, -0.513413, 0.790907, 0.0, 0.0, 0.0, 1.0],
                [0.697168, -0.344634, 0.628637, 0.532466, 0.168159, -0.773797, -0.610705, 1.913411, 0.696908, 0.531475, -0.481513, 0.7886, 0.0, 0.0, 0.0, 1.0],
                [0.689525, -0.372791, 0.620953, 0.560153, 0.175667, -0.745677, -0.642734, 1.882428, 0.702636, 0.552262, -0.448676, 0.786862, 0.0, 0.0, 0.0, 1.0],
                [0.683107, -0.40098, 0.610393, 0.587027, 0.183021, -0.715129, -0.674607, 1.849334, 0.707013, 0.572543, -0.415122, 0.785738, 0.0, 0.0, 0.0, 1.0],
                [0.678087, -0.428915, 0.59685, 0.612835, 0.189985, -0.682175, -0.706076, 1.81421, 0.710003, 0.592173, -0.381087, 0.785264, 0.0, 0.0, 0.0, 1.0],
                [0.674601, -0.456296, 0.580265, 0.637326, 0.196299, -0.646882, -0.736893, 1.777169, 0.711604, 0.611014, -0.346816, 0.785467, 0.0, 0.0, 0.0, 1.0],
                [0.672747, -0.482818, 0.560622, 0.66026, 0.20169, -0.609356, -0.766816, 1.738352, 0.711851, 0.628946, -0.312563, 0.786365, 0.0, 0.0, 0.0, 1.0],
                [0.672577, -0.508181, 0.537952, 0.681409, 0.205876, -0.569748, -0.795614, 1.69793, 0.710813, 0.645863, -0.278577, 0.787959, 0.0, 0.0, 0.0, 1.0],
                [0.674091, -0.532095, 0.512324, 0.700565, 0.208577, -0.52825, -0.823072, 1.656102, 0.708588, 0.661684, -0.245106, 0.790241, 0.0, 0.0, 0.0, 1.0],
                [0.677241, -0.554294, 0.483842, 0.717544, 0.209522, -0.485089, -0.848993, 1.613086, 0.705298, 0.676349, -0.212385, 0.793186, 0.0, 0.0, 0.0, 1.0],
                [0.681927, -0.574534, 0.452643, 0.73219, 0.20846, -0.440523, -0.873203, 1.56912, 0.701085, 0.689819, -0.180637, 0.796759, 0.0, 0.0, 0.0, 1.0],
                [0.688002, -0.592611, 0.418887, 0.744379, 0.205162, -0.394836, -0.895552, 1.524454, 0.696105, 0.702081, -0.150067, 0.80091, 0.0, 0.0, 0.0, 1.0],
                [0.695274, -0.608354, 0.382754, 0.754019, 0.199433, -0.348331, -0.915911, 1.479348, 0.690523, 0.713142, -0.12086, 0.805581, 0.0, 0.0, 0.0, 1.0],
                [0.703513, -0.621638, 0.344436, 0.761054, 0.191112, -0.301322, -0.934174, 1.434064, 0.684504, 0.723029, -0.093181, 0.810704, 0.0, 0.0, 0.0, 1.0],
                [0.712457, -0.632383, 0.304134, 0.765462, 0.18008, -0.254129, -0.950258, 1.388866, 0.678216, 0.731786, -0.067177, 0.816203, 0.0, 0.0, 0.0, 1.0],
                [0.72182, -0.640551, 0.262051, 0.767257, 0.166255, -0.207066, -0.964097, 1.344008, 0.671815, 0.739472, -0.04297, 0.821996, 0.0, 0.0, 0.0, 1.0],
                [0.731296, -0.646151, 0.218393, 0.766487, 0.1496, -0.160444, -0.975642, 1.299739, 0.665452, 0.746155, -0.020668, 0.827999, 0.0, 0.0, 0.0, 1.0],
                [0.740569, -0.649234, 0.173358, 0.763228, 0.130118, -0.114554, -0.984859, 1.256289, 0.659263, 0.751912, -0.000358, 0.834126, 0.0, 0.0, 0.0, 1.0],
                [0.749317, -0.649891, 0.127144, 0.757588, 0.10785, -0.069671, -0.991723, 1.213879, 0.65337, 0.756827, 0.017885, 0.84029, 0.0, 0.0, 0.0, 1.0],
                [0.757221, -0.648249, 0.079939, 0.749699, 0.082874, -0.026043, -0.99622, 1.172703, 0.64788, 0.760983, 0.034003, 0.846404, 0.0, 0.0, 0.0, 1.0],
                [0.763968, -0.644464, 0.031923, 0.739716, 0.055302, 0.016105, -0.99834, 1.13294, 0.642879, 0.764465, 0.047944, 0.852386, 0.0, 0.0, 0.0, 1.0],
                [0.769446, -0.638513, -0.015978, 0.727766, 0.025911, 0.056201, -0.998083, 1.094903, 0.638187, 0.767557, 0.059788, 0.858104, 0.0, 0.0, 0.0, 1.0],
                [0.773661, -0.630477, -0.062838, 0.714024, -0.004457, 0.093758, -0.995585, 1.058843, 0.633585, 0.770525, 0.069727, 0.863466, 0.0, 0.0, 0.0, 1.0],
                [0.776516, -0.620686, -0.108498, 0.698733, -0.035571, 0.128735, -0.991041, 1.024809, 0.629093, 0.773418, 0.077886, 0.868449, 0.0, 0.0, 0.0, 1.0],
                [0.777949, -0.609458, -0.152826, 0.682131, -0.067201, 0.161126, -0.984643, 0.992828, 0.624723, 0.776273, 0.084391, 0.87304, 0.0, 0.0, 0.0, 1.0],
                [0.777932, -0.597094, -0.195708, 0.664449, -0.09912, 0.190953, -0.976582, 0.962909, 0.620482, 0.779113, 0.089364, 0.877231, 0.0, 0.0, 0.0, 1.0],
                [0.776465, -0.583874, -0.237053, 0.645908, -0.131108, 0.218265, -0.967042, 0.935041, 0.616371, 0.781954, 0.092924, 0.881021, 0.0, 0.0, 0.0, 1.0],
                [0.773578, -0.570061, -0.276781, 0.626722, -0.162955, 0.243135, -0.956207, 0.909196, 0.612391, 0.784804, 0.095189, 0.884415, 0.0, 0.0, 0.0, 1.0],
                [0.769328, -0.555892, -0.314831, 0.607093, -0.194464, 0.265651, -0.944252, 0.885335, 0.608538, 0.787663, 0.096271, 0.887422, 0.0, 0.0, 0.0, 1.0],
                [0.763792, -0.541585, -0.351153, 0.587211, -0.225451, 0.285921, -0.931354, 0.8634, 0.604809, 0.790529, 0.096283, 0.890056, 0.0, 0.0, 0.0, 1.0],
                [0.757067, -0.52733, -0.385711, 0.567255, -0.255748, 0.304063, -0.917681, 0.843329, 0.601201, 0.793391, 0.095332, 0.892331, 0.0, 0.0, 0.0, 1.0],
                [0.749268, -0.513297, -0.418476, 0.547391, -0.285201, 0.320203, -0.903399, 0.825047, 0.59771, 0.796238, 0.093525, 0.894266, 0.0, 0.0, 0.0, 1.0],
                [0.740524, -0.499634, -0.449434, 0.527773, -0.313674, 0.334475, -0.88867, 0.808472, 0.594334, 0.799057, 0.090965, 0.895883, 0.0, 0.0, 0.0, 1.0],
                [0.730973, -0.486463, -0.478574, 0.508542, -0.341048, 0.347015, -0.873651, 0.793516, 0.591071, 0.801832, 0.087752, 0.897203, 0.0, 0.0, 0.0, 1.0],
                [0.720763, -0.473888, -0.505896, 0.489827, -0.367217, 0.357961, -0.858496, 0.780088, 0.587922, 0.804546, 0.083985, 0.89825, 0.0, 0.0, 0.0, 1.0],
                [0.710049, -0.461993, -0.531406, 0.471746, -0.392093, 0.367449, -0.843353, 0.768093, 0.584888, 0.807183, 0.079762, 0.899048, 0.0, 0.0, 0.0, 1.0],
                [0.698989, -0.450843, -0.555118, 0.454403, -0.4156, 0.375612, -0.828367, 0.757436, 0.581972, 0.809726, 0.075179, 0.899623, 0.0, 0.0, 0.0, 1.0],
                [0.687742, -0.440485, -0.577047, 0.437895, -0.437677, 0.382581, -0.813677, 0.74802, 0.57918, 0.812161, 0.070327, 0.899999, 0.0, 0.0, 0.0, 1.0],
                [0.67647, -0.430954, -0.597216, 0.422303, -0.458275, 0.388479, -0.799418, 0.739751, 0.576518, 0.814471, 0.065299, 0.900201, 0.0, 0.0, 0.0, 1.0],
                [0.665331, -0.422268, -0.61565, 0.407705, -0.477353, 0.393423, -0.785718, 0.732536, 0.573994, 0.816645, 0.060186, 0.900256, 0.0, 0.0, 0.0, 1.0],
                [0.654481, -0.414435, -0.632375, 0.394165, -0.494881, 0.397524, -0.772702, 0.726287, 0.571618, 0.818669, 0.055076, 0.900187, 0.0, 0.0, 0.0, 1.0],
                [0.644072, -0.407453, -0.647421, 0.381741, -0.510835, 0.400883, -0.760487, 0.720917, 0.569403, 0.820533, 0.050057, 0.900018, 0.0, 0.0, 0.0, 1.0],
                [0.634251, -0.401311, -0.660814, 0.370484, -0.525195, 0.403597, -0.749186, 0.716348, 0.567359, 0.822228, 0.045215, 0.899775, 0.0, 0.0, 0.0, 1.0],
                [0.625158, -0.395992, -0.672584, 0.360437, -0.537947, 0.405751, -0.738905, 0.712505, 0.565501, 0.823746, 0.040636, 0.89948, 0.0, 0.0, 0.0, 1.0],
                [0.616926, -0.391472, -0.682754, 0.35164, -0.549075, 0.407424, -0.729741, 0.70932, 0.563843, 0.825079, 0.036403, 0.899155, 0.0, 0.0, 0.0, 1.0],
                [0.609681, -0.387725, -0.691346, 0.344126, -0.558566, 0.408688, -0.721788, 0.706734, 0.5624, 0.826222, 0.0326, 0.898824, 0.0, 0.0, 0.0, 1.0],
                [0.60354, -0.384722, -0.698375, 0.337926, -0.5664, 0.409608, -0.715131, 0.704693, 0.561187, 0.82717, 0.029308, 0.898507, 0.0, 0.0, 0.0, 1.0],
                [0.59861, -0.382434, -0.703854, 0.333064, -0.572556, 0.410241, -0.709846, 0.703153, 0.560219, 0.827917, 0.026609, 0.898225, 0.0, 0.0, 0.0, 1.0],
                [0.594989, -0.380832, -0.707782, 0.329566, -0.577006, 0.410638, -0.706003, 0.70208, 0.559511, 0.828459, 0.024583, 0.898, 0.0, 0.0, 0.0, 1.0],
                [0.592763, -0.379889, -0.710152, 0.327452, -0.579711, 0.410847, -0.703662, 0.701447, 0.559077, 0.828788, 0.023309, 0.89785, 0.0, 0.0, 0.0, 1.0],
                [0.592007, -0.379579, -0.710948, 0.326743, -0.580625, 0.410908, -0.702872, 0.701238, 0.55893, 0.8289, 0.022867, 0.897796, 0.0, 0.0, 0.0, 1.0]
            ]
        },
        {
            "name": "Leg_ik_L",
            "time": [0.0, 0.0167, 0.0333, 0.05, 0.0667, 0.0833, 0.1, 0.1167, 0.1333, 0.15, 0.1667, 0.1833, 0.2, 0.2167, 0.2333, 0.25, 0.2667, 0.2833, 0.3, 0.3167, 0.3333, 0.35, 0.3667, 0.3833, 0.4, 0.4167, 0.4333, 0.45, 0.4667, 0.4833, 0.5, 0.5167, 0.5333, 0.55, 0.5667, 0.5833, 0.6, 0.6167, 0.6333, 0.65, 0.6667, 0.6833, 0.7, 0.7167, 0.7333, 0.75, 0.7667, 0.7833, 0.8, 0.8167, 0.8333, 0.85, 0.8667, 0.8833, 0.9, 0.9167, 0.9333, 0.95, 0.9667, 0.9833, 1.0, 1.0167, 1.0333, 1.05, 1.0667, 1.0833, 1.1, 1.1167, 1.1333, 1.15, 1.1667, 1.1833, 1.2, 1.2167, 1.2333, 1.25, 1.2667, 1.2833, 1.3, 1.3167, 1.3333, 1.35, 1.3667, 1.3833, 1.4, 1.4167, 1.4333, 1.45, 1.4667, 1.4833, 1.5, 1.5167, 1.5333, 1.55, 1.5667, 1.5833, 1.6, 1.6167, 1.6333, 1.65, 1.6667],
            "transform": [
                [1.0, 0.0, 1e-06, -0.364007, 0.0, 1.0, -0.0, 0.679279, -1e-06, 0.0, 1.0, -0.020722, 0.0, 0.0, 0.0, 1.0],
                [1.0, 0.0, 1e-06, -0.364007, 0.0, 1.0, -0.0, 0.679279, -1e-06, 0.0, 1.0, -0.020722, 0.0, 0.0, 0.0, 1.0],
                [1.0, 0.0, 1e-06, -0.364007, 0.0, 1.0, -0.0, 0.679279, -1e-06, 0.0, 1.0, -0.020722, 0.0, 0.0, 0.0, 1.0],
                [1.0, 0.0, 1e-06, -0.364007, 0.0, 1.0, -0.0, 0.679279, -1e-06, 0.0, 1.0, -0.020722, 0.0, 0.0, 0.0, 1.0],
                [1.0, 0.0, 1e-06, -0.364007, 0.0, 1.0, -0.0, 0.679279, -1e-06, 0.0, 1.0, -0.020722, 0.0, 0.0, 0.0, 1.0],
                [1.0, 0.0, 1e-06, -0.364007, 0.0, 1.0, -0.0, 0.679279, -1e-06, 0.0, 1.0, -0.020722, 0.0, 0.0, 0.0, 1.0],
                [1.0, 0.0, 1e-06, -0.364007, 0.0, 1.0, -0.0, 0.679279, -1e-06, 0.0, 1.0, -0.020722, 0.0, 0.0, 0.0, 1.0],
                [1.0, 0.0, 1e-06, -0.364007, 0.0, 1.0, -0.0, 0.679279, -1e-06, 0.0, 1.0, -0.020722, 0.0, 0.0, 0.0, 1.0],
                [1.0, 0.0, 1e-06, -0.364007, 0.0, 1.0, -0.0, 0.679279, -1e-06, 0.0, 1.0, -0.020722, 0.0, 0.0, 0.0, 1.0],
                [1.0, 0.0, 1e-06, -0.364007, 0.0, 1.0, -0.0, 0.679279, -1e-06, 0.0, 1.0, -0.020722, 0.0, 0.0, 0.0, 1.0],
                [1.0, 0.0, 1e-06, -0.364007, 0.0, 1.0, -0.0, 0.679279, -1e-06, 0.0, 1.0, -0.020722, 0.0, 0.0, 0.0, 1.0],
                [1.0, 0.0, 1e-06, -0.364007, 0.0, 1.0, -0.0, 0.679279, -1e-06, 0.0, 1.0, -0.020722, 0.0, 0.0, 0.0, 1.0],
                [1.0, 0.0, 1e-06, -0.364007, 0.0, 1.0, -0.0, 0.679279, -1e-06, 0.0, 1.0, -0.020722, 0.0, 0.0, 0.0, 1.0],
                [1.0, 0.0, 1e-06, -0.364007, 0.0, 1.0, -0.0, 0.679279, -1e-06, 0.0, 1.0, -0.020722, 0.0, 0.0, 0.0, 1.0],
                [1.0, 0.0, 1e-06, -0.364007, 0.0, 1.0, -0.0, 0.679279, -1e-06, 0.0, 1.0, -0.020722, 0.0, 0.0, 0.0, 1.0],
                [1.0, 0.0, 1e-06, -0.364007, 0.0, 1.0, -0.0, 0.679279, -1e-06, 0.0, 1.0, -0.020722, 0.0, 0.0, 0.0, 1.0],
                [1.0, 0.0, 1e-06, -0.364007, 0.0, 1.0, -0.0, 0.679279, -1e-06, 0.0, 1.0, -0.020722, 0.0, 0.0, 0.0, 1.0],
                [1.0, 0.0, 1e-06, -0.364007, 0.0, 1.0, -0.0, 0.679279, -1e-06, 0.0, 1.0, -0.020722, 0.0, 0.0, 0.0, 1.0],
                [1.0, 0.0, 1e-06, -0.364007, 0.0, 1.0, -0.0, 0.679279, -1e-06, 0.0, 1.0, -0.020722, 0.0, 0.0, 0.0, 1.0],
                [1.0, 0.0, 1e-06, -0.364007, 0.0, 1.0, -0.0, 0.679279, -1e-06, 0.0, 1.0, -0.020722, 0.0, 0.0, 0.0, 1.0],
                [1.0, 0.0, 1e-06, -0.364007, 0.0, 1.0, -0.0, 0.679279, -1e-06, 0.0, 1.0, -0.020722, 0.0, 0.0, 0.0, 1.0],
                [1.0, 0.0, 1e-06, -0.364007, 0.0, 1.0, -0.0, 0.679279, -1e-06, 0.0, 1.0, -0.020722, 0.0, 0.0, 0.0, 1.0],
                [1.0, 0.0, 1e-06, -0.364007, 0.0, 1.0, -0.0, 0.679279, -1e-06, 0.0, 1.0, -0.020722, 0.0, 0.0, 0.0, 1.0],
                [1.0, 0.0, 1e-06, -0.364007, 0.0, 1.0, -0.0, 0.679279, -1e-06, 0.0, 1.0, -0.020722, 0.0, 0.0, 0.0, 1.0],
                [1.0, 0.0, 1e-06, -0.364007, 0.0, 1.0, -0.0, 0.679279, -1e-06, 0.0, 1.0, -0.020722, 0.0, 0.0, 0.0, 1.0],
                [1.0, 0.0, 1e-06, -0.364007, 0.0, 1.0, -0.0, 0.679279, -1e-06, 0.0, 1.0, -0.020722, 0.0, 0.0, 0.0, 1.0],
                [1.0, 0.0, 1e-06, -0.363951, 0.0, 1.0, -0.0, 0.679473, -1e-06, 0.0, 1.0, -0.020722, 0.0, 0.0, 0.0, 1.0],
                [1.0, 0.0, 1e-06, -0.363785, 0.0, 1.0, -0.0, 0.680048, -1e-06, 0.0, 1.0, -0.020722, 0.0, 0.0, 0.0, 1.0],
                [1.0, 0.0, 1e-06, -0.363512, 0.0, 1.0, -0.0, 0.680994, -1e-06, 0.0, 1.0, -0.020722, 0.0, 0.0, 0.0, 1.0],
                [1.0, 0.0, 1e-06, -0.363134, 0.0, 1.0, -0.0, 0.6823, -1e-06, 0.0, 1.0, -0.020722, 0.0, 0.0, 0.0, 1.0],
                [1.0, 0.0, 1e-06, -0.362656, 0.0, 1.0, -0.0, 0.683955, -1e-06, 0.0, 1.0, -0.020722, 0.0, 0.0, 0.0, 1.0],
                [1.0, 0.0, 1e-06, -0.36208, 0.0, 1.0, -0.0, 0.685951, -1e-06, 0.0, 1.0, -0.020722, 0.0, 0.0, 0.0, 1.0],
                [1.0, 0.0, 1e-06, -0.361408, 0.0, 1.0, -0.0, 0.688275, -1e-06, 0.0, 1.0, -0.020722, 0.0, 0.0, 0.0, 1.0],
                [1.0, 0.0, 1e-06, -0.360645, 0.0, 1.0, -0.0, 0.690917, -1e-06, 0.0, 1.0, -0.020722, 0.0, 0.0, 0.0, 1.0],
                [1.0, 0.0, 1e-06, -0.359792, 0.0, 1.0, -0.0, 0.693868, -1e-06, 0.0, 1.0, -0.020722, 0.0, 0.0, 0.0, 1.0],
                [1.0, 0.0, 1e-06, -0.358854, 0.0, 1.0, -0.0, 0.697116, -1e-06, 0.0, 1.0, -0.020722, 0.0, 0.0, 0.0, 1.0],
                [1.0, 0.0, 1e-06, -0.357832, 0.0, 1.0, -0.0, 0.700651, -1e-06, 0.0, 1.0, -0.020722, 0.0, 0.0, 0.0, 1.0],
                [1.0, 0.0, 1e-06, -0.356731, 0.0, 1.0, -0.0, 0.704463, -1e-06, 0.0, 1.0, -0.020722, 0.0, 0.0, 0.0, 1.0],
                [1.0, 0.0, 1e-06, -0.355552, 0.0, 1.0, -0.0, 0.708541, -1e-06, 0.0, 1.0, -0.020722, 0.0, 0.0, 0.0, 1.0],
