{
    "animation": [
        {
            "name": "Tool_s_L",
            "time": [0.0, 0.0167, 0.0333, 0.05, 0.0667, 0.0833, 0.1, 0.1167, 0.1333, 0.15, 0.1667, 0.1833, 0.2, 0.2167, 0.2333, 0.25, 0.2667, 0.2833, 0.3, 0.3167, 0.3333, 0.35, 0.3667, 0.3833, 0.4, 0.4167, 0.4333, 0.45, 0.4667, 0.4833, 0.5, 0.5167, 0.5333, 0.55, 0.5667, 0.5833, 0.6, 0.6167, 0.6333, 0.65, 0.6667, 0.6833, 0.7, 0.7167, 0.7333, 0.75, 0.7667, 0.7833, 0.8, 0.8167, 0.8333, 0.85, 0.8667, 0.8833, 0.9, 0.9167, 0.9333, 0.95, 0.9667, 0.9833, 1.0, 1.0167, 1.0333, 1.05, 1.0667, 1.0833, 1.1, 1.1167, 1.1333, 1.15, 1.1667, 1.1833, 1.2, 1.2167, 1.2333, 1.25, 1.2667, 1.2833, 1.3, 1.3167, 1.3333, 1.35, 1.3667, 1.3833, 1.4, 1.4167, 1.4333, 1.45, 1.4667, 1.4833, 1.5],
            "transform": [
                [0.094687, -0.184459, -0.978269, -0.073204, -0.291817, -0.944658, 0.149876, 0.831465, -0.951776, 0.271284, -0.143275, 0.626123, 0.0, 0.0, 0.0, 1.0],
                [0.091913, -0.236491, -0.967277, -0.033446, -0.296436, -0.933845, 0.200149, 0.840688, -0.95062, 0.268339, -0.155937, 0.630402, 0.0, 0.0, 0.0, 1.0],
                [0.083372, -0.377828, -0.922114, 0.077448, -0.309028, -0.889521, 0.336532, 0.854591, -0.947391, 0.256902, -0.190921, 0.644489, 0.0, 0.0, 0.0, 1.0],
                [0.068426, -0.577732, -0.813353, 0.24172, -0.327243, -0.783155, 0.528752, 0.843144, -0.942459, 0.229984, -0.242647, 0.67267, 0.0, 0.0, 0.0, 1.0],
                [0.046372, -0.787212, -0.614936, 0.426326, -0.348404, -0.589687, 0.728617, 0.77751, -0.936196, 0.180459, -0.301613, 0.719546, 0.0, 0.0, 0.0, 1.0],
                [0.016668, -0.944334, -0.328566, 0.58481, -0.369782, -0.311134, 0.875475, 0.649897, -0.928968, 0.106905, -0.354384, 0.785316, 0.0, 0.0, 0.0, 1.0],
                [-0.020992, -0.999767, 0.00501, 0.677858, -0.388625, 0.012776, 0.921307, 0.483576, -0.921156, 0.017393, -0.388803, 0.862521, 0.0, 0.0, 0.0, 1.0],
                [-0.066451, -0.943977, 0.323251, 0.696201, -0.402062, 0.321834, 0.857186, 0.319079, -0.913197, -0.073006, -0.400924, 0.938188, 0.0, 0.0, 0.0, 1.0],
                [-0.118681, -0.809433, 0.575094, 0.662031, -0.407257, 0.567909, 0.715277, 0.187445, -0.905569, -0.149321, -0.397048, 0.999879, 0.0, 0.0, 0.0, 1.0],
                [-0.175613, -0.648565, 0.740624, 0.610276, -0.401951, 0.733988, 0.547446, 0.095911, -0.898663, -0.201556, -0.389589, 1.039555, 0.0, 0.0, 0.0, 1.0],
                [-0.234501, -0.510973, 0.826992, 0.571019, -0.385032, 0.829961, 0.403628, 0.033281, -0.892614, -0.223767, -0.391368, 1.052376, 0.0, 0.0, 0.0, 1.0],
                [-0.292034, -0.398309, 0.86952, 0.542532, -0.357295, 0.888763, 0.287124, -0.020719, -0.887161, -0.226826, -0.401863, 1.046309, 0.0, 0.0, 0.0, 1.0],
                [-0.345572, -0.287482, 0.893272, 0.509284, -0.321422, 0.930597, 0.175149, -0.07321, -0.881627, -0.226591, -0.413991, 1.033678, 0.0, 0.0, 0.0, 1.0],
                [-0.393964, -0.181814, 0.900964, 0.473264, -0.280302, 0.957311, 0.070617, -0.121512, -0.875341, -0.224721, -0.428109, 1.016117, 0.0, 0.0, 0.0, 1.0],
                [-0.436859, -0.084202, 0.89558, 0.436596, -0.236848, 0.971245, -0.024217, -0.163385, -0.867788, -0.222696, -0.44424, 0.995308, 0.0, 0.0, 0.0, 1.0],
                [-0.47456, 0.002908, 0.880218, 0.401413, -0.193861, 0.975095, -0.10774, -0.197006, -0.858609, -0.221769, -0.462177, 0.972928, 0.0, 0.0, 0.0, 1.0],
                [-0.507859, 0.077521, 0.857944, 0.369753, -0.153943, 0.971743, -0.17893, -0.220881, -0.847572, -0.222946, -0.481575, 0.950607, 0.0, 0.0, 0.0, 1.0],
                [-0.537849, 0.138047, 0.831661, 0.343476, -0.119486, 0.964061, -0.237298, -0.233724, -0.83453, -0.227002, -0.502025, 0.929897, 0.0, 0.0, 0.0, 1.0],
                [-0.565729, 0.18321, 0.803981, 0.324209, -0.092708, 0.954692, -0.282788, -0.234302, -0.819363, -0.234517, -0.523112, 0.912263, 0.0, 0.0, 0.0, 1.0],
                [-0.592602, 0.211924, 0.777117, 0.313311, -0.075742, 0.945834, -0.315692, -0.221255, -0.801926, -0.24594, -0.544451, 0.899092, 0.0, 0.0, 0.0, 1.0],
                [-0.619265, 0.223154, 0.752803, 0.311862, -0.070754, 0.939003, -0.336553, -0.192916, -0.781987, -0.26168, -0.565702, 0.891711, 0.0, 0.0, 0.0, 1.0],
                [-0.642315, 0.202599, 0.739179, 0.32726, -0.088383, 0.938417, -0.334008, -0.012499, -0.761328, -0.27987, -0.584853, 0.898124, 0.0, 0.0, 0.0, 1.0],
                [-0.656912, 0.149603, 0.738976, 0.358514, -0.130372, 0.942815, -0.306763, 0.385851, -0.74261, -0.297858, -0.599842, 0.919601, 0.0, 0.0, 0.0, 1.0],
                [-0.661823, 0.083552, 0.74499, 0.394098, -0.183478, 0.945493, -0.269033, 0.896975, -0.726861, -0.314742, -0.610419, 0.947227, 0.0, 0.0, 0.0, 1.0],
                [-0.659067, 0.02404, 0.7517, 0.424048, -0.23199, 0.944252, -0.2336, 1.412806, -0.71541, -0.328345, -0.616748, 0.971421, 0.0, 0.0, 0.0, 1.0],
                [-0.654568, -0.009854, 0.755939, 0.440673, -0.259404, 0.942137, -0.212338, 1.822452, -0.710105, -0.335083, -0.619249, 0.982009, 0.0, 0.0, 0.0, 1.0],
                [-0.650785, -0.026175, 0.75881, 0.449066, -0.271361, 0.941414, -0.200257, 2.126828, -0.709112, -0.336236, -0.619761, 0.982311, 0.0, 0.0, 0.0, 1.0],
                [-0.645274, -0.045165, 0.762614, 0.458613, -0.284083, 0.940851, -0.184652, 2.402443, -0.709166, -0.335797, -0.619938, 0.982491, 0.0, 0.0, 0.0, 1.0],
                [-0.638164, -0.066569, 0.767017, 0.469127, -0.297295, 0.94029, -0.165744, 2.650849, -0.710184, -0.333802, -0.61985, 0.982512, 0.0, 0.0, 0.0, 1.0],
                [-0.629596, -0.090141, 0.771675, 0.480427, -0.310726, 0.939564, -0.143764, 2.873603, -0.712079, -0.330293, -0.619556, 0.98234, 0.0, 0.0, 0.0, 1.0],
                [-0.619734, -0.115634, 0.776246, 0.492338, -0.324115, 0.938508, -0.118959, 3.072259, -0.714758, -0.325317, -0.619105, 0.981946, 0.0, 0.0, 0.0, 1.0],
                [-0.608762, -0.142795, 0.780396, 0.504689, -0.337207, 0.936963, -0.091601, 3.248364, -0.718122, -0.318919, -0.61854, 0.981298, 0.0, 0.0, 0.0, 1.0],
                [-0.596891, -0.171364, 0.783808, 0.517318, -0.349762, 0.934786, -0.061981, 3.403456, -0.722071, -0.311143, -0.617902, 0.980365, 0.0, 0.0, 0.0, 1.0],
                [-0.584352, -0.20107, 0.786196, 0.530074, -0.361555, 0.931855, -0.030409, 3.539058, -0.726505, -0.302023, -0.617229, 0.979108, 0.0, 0.0, 0.0, 1.0],
                [-0.571404, -0.23163, 0.787302, 0.542814, -0.372379, 0.928076, 0.002783, 3.656674, -0.731321, -0.291585, -0.61656, 0.977484, 0.0, 0.0, 0.0, 1.0],
                [-0.558324, -0.262747, 0.786917, 0.555411, -0.382048, 0.923391, 0.037248, 3.757797, -0.736419, -0.279844, -0.615934, 0.975446, 0.0, 0.0, 0.0, 1.0],
                [-0.545411, -0.294118, 0.784871, 0.567753, -0.390397, 0.917777, 0.072633, 3.843897, -0.741699, -0.266796, -0.615389, 0.972934, 0.0, 0.0, 0.0, 1.0],
                [-0.532975, -0.325428, 0.781047, 0.579744, -0.397283, 0.91125, 0.108578, 3.916432, -0.747063, -0.252427, -0.614961, 0.969885, 0.0, 0.0, 0.0, 1.0],
                [-0.521335, -0.35636, 0.775382, 0.591305, -0.402586, 0.903868, 0.14473, 3.976841, -0.752418, -0.236705, -0.614684, 0.966226, 0.0, 0.0, 0.0, 1.0],
                [-0.510817, -0.386593, 0.767862, 0.602376, -0.406202, 0.895729, 0.180746, 4.026549, -0.757671, -0.219579, -0.614589, 0.961877, 0.0, 0.0, 0.0, 1.0],
                [-0.501741, -0.415804, 0.758527, 0.612911, -0.408045, 0.886968, 0.216303, 4.066972, -0.762728, -0.200986, -0.614695, 0.956754, 0.0, 0.0, 0.0, 1.0],
                [-0.494421, -0.443673, 0.747463, 0.622885, -0.408037, 0.877753, 0.251107, 4.099515, -0.767497, -0.180841, -0.615015, 0.950761, 0.0, 0.0, 0.0, 1.0],
                [-0.489159, -0.469881, 0.734803, 0.632278, -0.406104, 0.868283, 0.284893, 4.125575, -0.771882, -0.159049, -0.615549, 0.943803, 0.0, 0.0, 0.0, 1.0],
                [-0.486236, -0.494107, 0.720717, 0.641086, -0.402168, 0.858777, 0.317432, 4.146546, -0.77578, -0.135502, -0.616282, 0.935775, 0.0, 0.0, 0.0, 1.0],
                [-0.485911, -0.516029, 0.705411, 0.649306, -0.39614, 0.849468, 0.348536, 4.163817, -0.779078, -0.110084, -0.617185, 0.926572, 0.0, 0.0, 0.0, 1.0],
                [-0.488412, -0.535318, 0.689121, 0.656933, -0.38791, 0.840595, 0.378055, 4.17878, -0.781652, -0.08267, -0.618212, 0.916084, 0.0, 0.0, 0.0, 1.0],
                [-0.492699, -0.554198, 0.670904, 0.664525, -0.379216, 0.83066, 0.407674, 4.194659, -0.783225, -0.053557, -0.619427, 0.90463, 0.0, 0.0, 0.0, 1.0],
                [-0.497625, -0.574869, 0.649534, 0.672476, -0.371942, 0.817918, 0.438942, 4.213743, -0.7836, -0.023161, -0.620834, 0.892619, 0.0, 0.0, 0.0, 1.0],
                [-0.503207, -0.596941, 0.624854, 0.680521, -0.366182, 0.80224, 0.47151, 4.236015, -0.782747, 0.008457, -0.622282, 0.880078, 0.0, 0.0, 0.0, 1.0],
                [-0.509434, -0.619997, 0.596725, 0.688373, -0.362046, 0.783521, 0.504993, 4.261442, -0.78064, 0.041219, -0.623619, 0.867045, 0.0, 0.0, 0.0, 1.0],
                [-0.516254, -0.643599, 0.565033, 0.695728, -0.35965, 0.761676, 0.538983, 4.289976, -0.77726, 0.075038, -0.624689, 0.853568, 0.0, 0.0, 0.0, 1.0],
                [-0.523584, -0.667294, 0.529697, 0.702266, -0.359114, 0.736655, 0.573042, 4.321537, -0.772591, 0.109814, -0.625335, 0.839703, 0.0, 0.0, 0.0, 1.0],
                [-0.531305, -0.690614, 0.49068, 0.707659, -0.360557, 0.70845, 0.60671, 4.35602, -0.766625, 0.14543, -0.625409, 0.825519, 0.0, 0.0, 0.0, 1.0],
                [-0.539266, -0.713088, 0.447993, 0.71158, -0.364084, 0.677103, 0.63951, 4.39328, -0.759365, 0.181758, -0.624763, 0.811095, 0.0, 0.0, 0.0, 1.0],
                [-0.547282, -0.734247, 0.401701, 0.713704, -0.369792, 0.642705, 0.670957, 4.433133, -0.750823, 0.218657, -0.62326, 0.796519, 0.0, 0.0, 0.0, 1.0],
                [-0.555144, -0.753632, 0.351928, 0.71372, -0.377751, 0.605407, 0.700562, 4.475353, -0.741025, 0.255972, -0.620773, 0.78189, 0.0, 0.0, 0.0, 1.0],
                [-0.56262, -0.770805, 0.298864, 0.711337, -0.388003, 0.565416, 0.727845, 4.519673, -0.730008, 0.29354, -0.617189, 0.767312, 0.0, 0.0, 0.0, 1.0],
                [-0.569457, -0.785358, 0.242758, 0.706295, -0.400562, 0.522998, 0.752345, 4.565782, -0.717822, 0.331188, -0.61241, 0.752896, 0.0, 0.0, 0.0, 1.0],
                [-0.575395, -0.796926, 0.183928, 0.698372, -0.4154, 0.478477, 0.773629, 4.613332, -0.70453, 0.368739, -0.606357, 0.738758, 0.0, 0.0, 0.0, 1.0],
                [-0.580169, -0.805193, 0.12275, 0.687391, -0.432449, 0.432228, 0.791307, 4.661935, -0.690211, 0.406009, -0.59897, 0.725013, 0.0, 0.0, 0.0, 1.0],
                [-0.583521, -0.809903, 0.059657, 0.673231, -0.451598, 0.384667, 0.80504, 4.711183, -0.674953, 0.442818, -0.590212, 0.711778, 0.0, 0.0, 0.0, 1.0],
                [-0.585206, -0.81087, -0.004871, 0.655826, -0.472694, 0.336251, 0.814552, 4.760643, -0.658858, 0.478984, -0.58007, 0.699163, 0.0, 0.0, 0.0, 1.0],
                [-0.585002, -0.807978, -0.070314, 0.635177, -0.495541, 0.287459, 0.819638, 4.809873, -0.642037, 0.514333, -0.56855, 0.687276, 0.0, 0.0, 0.0, 1.0],
                [-0.582718, -0.801192, -0.136127, 0.611349, -0.519906, 0.238783, 0.820171, 4.85843, -0.62461, 0.548701, -0.555688, 0.676211, 0.0, 0.0, 0.0, 1.0],
                [-0.578203, -0.790556, -0.201749, 0.584471, -0.545521, 0.190718, 0.816109, 4.905885, -0.606702, 0.581934, -0.541539, 0.666054, 0.0, 0.0, 0.0, 1.0],
                [-0.57135, -0.776191, -0.26662, 0.554736, -0.572093, 0.143742, 0.807495, 4.951827, -0.588446, 0.613894, -0.52618, 0.656877, 0.0, 0.0, 0.0, 1.0],
                [-0.562105, -0.758293, -0.330196, 0.522398, -0.599308, 0.098309, 0.794459, 4.995877, -0.569971, 0.644459, -0.509711, 0.648736, 0.0, 0.0, 0.0, 1.0],
                [-0.550463, -0.737128, -0.39196, 0.487758, -0.626846, 0.054835, 0.777211, 5.037706, -0.551411, 0.673525, -0.49225, 0.64167, 0.0, 0.0, 0.0, 1.0],
                [-0.536478, -0.71302, -0.451436, 0.451166, -0.654382, 0.013686, 0.75604, 5.077024, -0.532893, 0.70101, -0.47393, 0.635699, 0.0, 0.0, 0.0, 1.0],
                [-0.520253, -0.686345, -0.5082, 0.413001, -0.681603, -0.024829, 0.731301, 5.113606, -0.514543, 0.726852, -0.454897, 0.630828, 0.0, 0.0, 0.0, 1.0],
                [-0.501945, -0.657516, -0.561892, 0.37367, -0.70821, -0.060466, 0.703408, 5.147281, -0.496477, 0.75101, -0.435309, 0.627041, 0.0, 0.0, 0.0, 1.0],
                [-0.481757, -0.626974, -0.612221, 0.33359, -0.733931, -0.093046, 0.67282, 5.17794, -0.478805, 0.773463, -0.41533, 0.624307, 0.0, 0.0, 0.0, 1.0],
                [-0.459931, -0.59517, -0.658965, 0.29318, -0.758528, -0.122464, 0.64003, 5.205539, -0.461626, 0.794213, -0.395128, 0.622576, 0.0, 0.0, 0.0, 1.0],
                [-0.436744, -0.562563, -0.701981, 0.252853, -0.781794, -0.148679, 0.605551, 5.230089, -0.44503, 0.813276, -0.374873, 0.621785, 0.0, 0.0, 0.0, 1.0],
                [-0.412499, -0.529597, -0.741196, 0.213004, -0.803567, -0.171717, 0.569905, 5.251654, -0.429096, 0.830686, -0.354733, 0.621857, 0.0, 0.0, 0.0, 1.0],
                [-0.387515, -0.496702, -0.776607, 0.174006, -0.823726, -0.191663, 0.533611, 5.27035, -0.413893, 0.846494, -0.334874, 0.622704, 0.0, 0.0, 0.0, 1.0],
                [-0.362125, -0.464281, -0.808275, 0.136199, -0.84219, -0.208653, 0.497172, 5.286334, -0.399477, 0.860759, -0.315454, 0.624229, 0.0, 0.0, 0.0, 1.0],
                [-0.336663, -0.432704, -0.836317, 0.099895, -0.858919, -0.22287, 0.461072, 5.299791, -0.385897, 0.873554, -0.296626, 0.626328, 0.0, 0.0, 0.0, 1.0],
                [-0.311459, -0.402306, -0.860896, 0.065365, -0.87391, -0.23453, 0.425765, 5.310935, -0.373194, 0.884955, -0.278533, 0.628892, 0.0, 0.0, 0.0, 1.0],
                [-0.286837, -0.373386, -0.882217, 0.03285, -0.887195, -0.243878, 0.391674, 5.32, -0.361399, 0.895045, -0.261313, 0.631809, 0.0, 0.0, 0.0, 1.0],
                [-0.263109, -0.346202, -0.90051, 0.002552, -0.898831, -0.251176, 0.359183, 5.327223, -0.350536, 0.903911, -0.24509, 0.634967, 0.0, 0.0, 0.0, 1.0],
                [-0.240568, -0.320978, -0.916024, -0.025356, -0.9089, -0.256696, 0.328644, 5.33285, -0.340627, 0.911636, -0.229984, 0.638254, 0.0, 0.0, 0.0, 1.0],
                [-0.219491, -0.297905, -0.929019, -0.05073, -0.9175, -0.260712, 0.300371, 5.33712, -0.331689, 0.918304, -0.216104, 0.641562, 0.0, 0.0, 0.0, 1.0],
                [-0.200136, -0.277141, -0.939754, -0.07345, -0.924739, -0.263493, 0.274645, 5.340263, -0.323734, 0.923993, -0.203549, 0.644785, 0.0, 0.0, 0.0, 1.0],
                [-0.182743, -0.258823, -0.94848, -0.093415, -0.930729, -0.265294, 0.251717, 5.3425, -0.316776, 0.928778, -0.192414, 0.647825, 0.0, 0.0, 0.0, 1.0],
                [-0.167532, -0.243066, -0.955433, -0.110536, -0.935584, -0.266355, 0.231814, 5.344023, -0.31083, 0.932724, -0.182785, 0.650589, 0.0, 0.0, 0.0, 1.0],
                [-0.154705, -0.229969, -0.960823, -0.124734, -0.939407, -0.266891, 0.215137, 5.345011, -0.30591, 0.935886, -0.174745, 0.652992, 0.0, 0.0, 0.0, 1.0],
                [-0.144449, -0.219626, -0.964831, -0.135931, -0.942289, -0.267092, 0.201873, 5.345615, -0.302036, 0.93831, -0.16837, 0.654959, 0.0, 0.0, 0.0, 1.0],
                [-0.136935, -0.212124, -0.967601, -0.144046, -0.944304, -0.267113, 0.192196, 5.345956, -0.299229, 0.940028, -0.163732, 0.656424, 0.0, 0.0, 0.0, 1.0],
                [-0.132321, -0.207552, -0.969233, -0.14899, -0.945502, -0.267074, 0.186273, 5.346124, -0.297518, 0.94106, -0.160902, 0.657332, 0.0, 0.0, 0.0, 1.0],
                [-0.130753, -0.206006, -0.969776, -0.150663, -0.945902, -0.267051, 0.184263, 5.346173, -0.296939, 0.941406, -0.159943, 0.657642, 0.0, 0.0, 0.0, 1.0]
            ]
        },
        {
            "name": "Tool_s_R",
            "time": [0.0, 0.0167, 0.0333, 0.05, 0.0667, 0.0833, 0.1, 0.1167, 0.1333, 0.15, 0.1667, 0.1833, 0.2, 0.2167, 0.2333, 0.25, 0.2667, 0.2833, 0.3, 0.3167, 0.3333, 0.35, 0.3667, 0.3833, 0.4, 0.4167, 0.4333, 0.45, 0.4667, 0.4833, 0.5, 0.5167, 0.5333, 0.55, 0.5667, 0.5833, 0.6, 0.6167, 0.6333, 0.65, 0.6667, 0.6833, 0.7, 0.7167, 0.7333, 0.75, 0.7667, 0.7833, 0.8, 0.8167, 0.8333, 0.85, 0.8667, 0.8833, 0.9, 0.9167, 0.9333, 0.95, 0.9667, 0.9833, 1.0, 1.0167, 1.0333, 1.05, 1.0667, 1.0833, 1.1, 1.1167, 1.1333, 1.15, 1.1667, 1.1833, 1.2, 1.2167, 1.2333, 1.25, 1.2667, 1.2833, 1.3, 1.3167, 1.3333, 1.35, 1.3667, 1.3833, 1.4, 1.4167, 1.4333, 1.45, 1.4667, 1.4833, 1.5],
            "transform": [
                [0.067471, -0.696222, -0.714649, 0.219836, -0.550552, 0.571377, -0.608622, -0.859049, 0.83207, 0.434516, -0.344755, 0.691864, 0.0, 0.0, 0.0, 1.0],
                [0.059185, -0.693337, -0.718179, 0.210807, -0.551295, 0.577074, -0.602544, -0.854154, 0.832209, 0.43159, -0.348079, 0.698053, 0.0, 0.0, 0.0, 1.0],
                [0.035458, -0.684117, -0.72851, 0.184795, -0.552579, 0.593977, -0.584677, -0.840334, 0.832706, 0.423291, -0.356967, 0.715042, 0.0, 0.0, 0.0, 1.0],
                [-0.002102, -0.667297, -0.744789, 0.143486, -0.552366, 0.621633, -0.555396, -0.81825, 0.833599, 0.410229, -0.369898, 0.740373, 0.0, 0.0, 0.0, 1.0],
                [-0.051642, -0.641086, -0.76573, 0.088676, -0.548072, 0.659162, -0.514902, -0.788006, 0.834836, 0.393084, -0.385401, 0.77149, 0.0, 0.0, 0.0, 1.0],
                [-0.110687, -0.603292, -0.789802, 0.022311, -0.536961, 0.705017, -0.463276, -0.749472, 0.836314, 0.372815, -0.40198, 0.805775, 0.0, 0.0, 0.0, 1.0],
                [-0.175937, -0.551572, -0.815362, -0.053514, -0.516603, 0.756794, -0.40048, -0.702543, 0.837954, 0.350759, -0.418092, 0.840603, 0.0, 0.0, 0.0, 1.0],
                [-0.24331, -0.483766, -0.840697, -0.136594, -0.485336, 0.811157, -0.326304, -0.647316, 0.839791, 0.328627, -0.432151, 0.873417, 0.0, 0.0, 0.0, 1.0],
                [-0.30821, -0.398246, -0.863949, -0.224684, -0.442631, 0.863901, -0.240317, -0.584188, 0.842072, 0.308342, -0.442539, 0.901824, 0.0, 0.0, 0.0, 1.0],
                [-0.36595, -0.294168, -0.882919, -0.315544, -0.38925, 0.910137, -0.141901, -0.513864, 0.84532, 0.291748, -0.44757, 0.923738, 0.0, 0.0, 0.0, 1.0],
                [-0.412151, -0.171613, -0.894808, -0.406924, -0.327157, 0.94448, -0.03045, -0.43733, 0.850353, 0.280193, -0.445413, 0.937543, 0.0, 0.0, 0.0, 1.0],
                [-0.443857, -0.041974, -0.895114, -0.490301, -0.262941, 0.961033, 0.085319, -0.358057, 0.856653, 0.273231, -0.437597, 0.943871, 0.0, 0.0, 0.0, 1.0],
                [-0.462115, 0.081455, -0.883071, -0.558728, -0.202475, 0.959781, 0.194487, -0.279708, 0.863397, 0.268675, -0.427036, 0.945678, 0.0, 0.0, 0.0, 1.0],
                [-0.468899, 0.195678, -0.861303, -0.612666, -0.147023, 0.944255, 0.294564, -0.203614, 0.870929, 0.264752, -0.413991, 0.945059, 0.0, 0.0, 0.0, 1.0],
                [-0.466073, 0.298537, -0.832858, -0.653047, -0.097425, 0.91831, 0.383687, -0.130866, 0.879366, 0.259967, -0.398915, 0.943783, 0.0, 0.0, 0.0, 1.0],
                [-0.455355, 0.388629, -0.801012, -0.681177, -0.054158, 0.885943, 0.460622, -0.062254, 0.888661, 0.253128, -0.382371, 0.943345, 0.0, 0.0, 0.0, 1.0],
                [-0.438291, 0.465191, -0.76909, -0.698619, -0.017371, 0.85111, 0.524701, 0.001797, 0.898666, 0.243331, -0.364953, 0.945029, 0.0, 0.0, 0.0, 1.0],
                [-0.416232, 0.527942, -0.74029, -0.707054, 0.013102, 0.817567, 0.575685, 0.061265, 0.909165, 0.229919, -0.347214, 0.949967, 0.0, 0.0, 0.0, 1.0],
                [-0.39032, 0.576873, -0.717543, -0.708135, 0.037743, 0.788734, 0.613576, 0.116549, 0.919906, 0.212409, -0.329631, 0.959213, 0.0, 0.0, 0.0, 1.0],
                [-0.361474, 0.612029, -0.70339, -0.703327, 0.057378, 0.767573, 0.638388, 0.168488, 0.930615, 0.190402, -0.312575, 0.9738, 0.0, 0.0, 0.0, 1.0],
                [-0.330403, 0.633253, -0.699875, -0.693751, 0.073226, 0.756483, 0.649902, 0.218361, 0.940995, 0.16348, -0.296315, 0.994796, 0.0, 0.0, 0.0, 1.0],
                [-0.301898, 0.628079, -0.7172, -0.679955, 0.080779, 0.766449, 0.637205, 0.387229, 0.949912, 0.134436, -0.282125, 1.02762, 0.0, 0.0, 0.0, 1.0],
                [-0.280591, 0.593557, -0.754294, -0.663141, 0.080247, 0.797619, 0.597799, 0.738644, 0.956467, 0.107207, -0.271436, 1.070572, 0.0, 0.0, 0.0, 1.0],
                [-0.266209, 0.543726, -0.795924, -0.644717, 0.077663, 0.835134, 0.544537, 1.1869, 0.960782, 0.083147, -0.264547, 1.114088, 0.0, 0.0, 0.0, 1.0],
                [-0.258145, 0.494878, -0.829733, -0.627775, 0.075449, 0.866546, 0.493362, 1.64388, 0.963156, 0.064756, -0.261032, 1.14836, 0.0, 0.0, 0.0, 1.0],
                [-0.255458, 0.465432, -0.847416, -0.617454, 0.073555, 0.883315, 0.462975, 2.018897, 0.964019, 0.055939, -0.259884, 1.163146, 0.0, 0.0, 0.0, 1.0],
                [-0.256209, 0.450805, -0.855063, -0.612381, 0.071048, 0.890979, 0.448452, 2.30599, 0.964007, 0.054147, -0.260306, 1.164013, 0.0, 0.0, 0.0, 1.0],
                [-0.259015, 0.433887, -0.862933, -0.607184, 0.067268, 0.899357, 0.43201, 2.561488, 0.963528, 0.053849, -0.262134, 1.16357, 0.0, 0.0, 0.0, 1.0],
                [-0.263656, 0.41491, -0.870824, -0.601801, 0.062175, 0.9082, 0.413893, 2.787193, 0.962611, 0.054982, -0.26525, 1.161897, 0.0, 0.0, 0.0, 1.0],
                [-0.269905, 0.394105, -0.87854, -0.59617, 0.055731, 0.917267, 0.394355, 2.984917, 0.961273, 0.057477, -0.269539, 1.159073, 0.0, 0.0, 0.0, 1.0],
                [-0.277528, 0.371709, -0.885895, -0.590231, 0.047905, 0.926326, 0.373666, 3.156472, 0.959523, 0.061263, -0.274888, 1.155171, 0.0, 0.0, 0.0, 1.0],
                [-0.286284, 0.347972, -0.892724, -0.583937, 0.03868, 0.93516, 0.352108, 3.303677, 0.957364, 0.066272, -0.281181, 1.150264, 0.0, 0.0, 0.0, 1.0],
                [-0.295932, 0.323155, -0.898885, -0.577255, 0.028053, 0.94357, 0.329984, 3.428355, 0.954797, 0.072436, -0.288298, 1.144422, 0.0, 0.0, 0.0, 1.0],
                [-0.306233, 0.297537, -0.904264, -0.570169, 0.016041, 0.951378, 0.307608, 3.532328, 0.951822, 0.079694, -0.296116, 1.137714, 0.0, 0.0, 0.0, 1.0],
                [-0.316948, 0.271413, -0.908779, -0.562686, 0.002681, 0.958432, 0.285307, 3.617419, 0.948439, 0.087991, -0.304501, 1.130208, 0.0, 0.0, 0.0, 1.0],
                [-0.327854, 0.245092, -0.912382, -0.554838, -0.011968, 0.964607, 0.263422, 3.685449, 0.944653, 0.097283, -0.313317, 1.121969, 0.0, 0.0, 0.0, 1.0],
                [-0.338736, 0.218902, -0.915063, -0.54668, -0.027822, 0.969804, 0.242297, 3.738235, 0.94047, 0.107534, -0.322417, 1.113061, 0.0, 0.0, 0.0, 1.0],
                [-0.3494, 0.193177, -0.916844, -0.538293, -0.044779, 0.973955, 0.222275, 3.777586, 0.935903, 0.118718, -0.33165, 1.103546, 0.0, 0.0, 0.0, 1.0],
                [-0.359672, 0.168265, -0.917781, -0.529783, -0.062714, 0.977022, 0.203703, 3.805304, 0.930969, 0.130824, -0.340855, 1.093484, 0.0, 0.0, 0.0, 1.0],
                [-0.369404, 0.14452, -0.917962, -0.52128, -0.081485, 0.97899, 0.186919, 3.823177, 0.92569, 0.143849, -0.349866, 1.082931, 0.0, 0.0, 0.0, 1.0],
                [-0.378476, 0.122297, -0.917496, -0.512934, -0.100937, 0.979869, 0.172249, 3.832984, 0.920091, 0.157801, -0.358513, 1.071942, 0.0, 0.0, 0.0, 1.0],
                [-0.3868, 0.101959, -0.91651, -0.504916, -0.120902, 0.979683, 0.160012, 3.836496, 0.914204, 0.1727, -0.366615, 1.060569, 0.0, 0.0, 0.0, 1.0],
                [-0.394318, 0.083864, -0.915139, -0.497413, -0.141203, 0.978473, 0.15051, 3.835467, 0.908061, 0.188569, -0.373988, 1.048861, 0.0, 0.0, 0.0, 1.0],
                [-0.401006, 0.068373, -0.91352, -0.490624, -0.161661, 0.976279, 0.144034, 3.831649, 0.901699, 0.205439, -0.380441, 1.036866, 0.0, 0.0, 0.0, 1.0],
                [-0.406871, 0.055846, -0.911777, -0.484758, -0.182093, 0.97314, 0.140861, 3.82679, 0.895153, 0.22334, -0.385772, 1.024637, 0.0, 0.0, 0.0, 1.0],
                [-0.411949, 0.046644, -0.910012, -0.480032, -0.202314, 0.96908, 0.141256, 3.822633, 0.888464, 0.242298, -0.389775, 1.012223, 0.0, 0.0, 0.0, 1.0],
                [-0.415695, 0.038129, -0.908705, -0.474952, -0.223031, 0.964341, 0.142491, 3.819286, 0.881735, 0.261901, -0.392367, 1.000191, 0.0, 0.0, 0.0, 1.0],
                [-0.417451, 0.027542, -0.908282, -0.467917, -0.245025, 0.959106, 0.141698, 3.815734, 0.875041, 0.281704, -0.393631, 0.989042, 0.0, 0.0, 0.0, 1.0],
                [-0.417117, 0.015072, -0.908728, -0.458982, -0.268209, 0.953292, 0.138922, 3.812067, 0.868377, 0.301675, -0.393591, 0.978742, 0.0, 0.0, 0.0, 1.0],
                [-0.414589, 0.000908, -0.910008, -0.448205, -0.292469, 0.946813, 0.13419, 3.80838, 0.86173, 0.321783, -0.392273, 0.969257, 0.0, 0.0, 0.0, 1.0],
                [-0.409775, -0.014759, -0.912067, -0.435639, -0.317672, 0.939587, 0.12752, 3.804779, 0.855084, 0.341993, -0.389707, 0.960549, 0.0, 0.0, 0.0, 1.0],
                [-0.402588, -0.031734, -0.914831, -0.42134, -0.343662, 0.931534, 0.118921, 3.801376, 0.848422, 0.362269, -0.385929, 0.952579, 0.0, 0.0, 0.0, 1.0],
                [-0.39295, -0.049818, -0.918209, -0.405369, -0.37026, 0.922582, 0.108399, 3.798286, 0.841723, 0.382571, -0.380975, 0.945307, 0.0, 0.0, 0.0, 1.0],
                [-0.380805, -0.068811, -0.922092, -0.387796, -0.397272, 0.912671, 0.095957, 3.795625, 0.834963, 0.402862, -0.374886, 0.938694, 0.0, 0.0, 0.0, 1.0],
                [-0.366107, -0.08851, -0.926354, -0.368693, -0.424487, 0.90175, 0.081603, 3.793516, 0.828117, 0.4231, -0.367708, 0.9327, 0.0, 0.0, 0.0, 1.0],
                [-0.348835, -0.108709, -0.930858, -0.348147, -0.451676, 0.889786, 0.065352, 3.792074, 0.82116, 0.443243, -0.35949, 0.927282, 0.0, 0.0, 0.0, 1.0],
                [-0.328995, -0.129203, -0.935451, -0.326253, -0.478602, 0.876761, 0.047226, 3.791415, 0.814066, 0.463246, -0.350286, 0.922404, 0.0, 0.0, 0.0, 1.0],
                [-0.306615, -0.149789, -0.939974, -0.303117, -0.50502, 0.862677, 0.027263, 3.791645, 0.80681, 0.483064, -0.340156, 0.918025, 0.0, 0.0, 0.0, 1.0],
                [-0.281755, -0.170269, -0.944257, -0.278858, -0.53068, 0.847555, 0.005517, 3.792868, 0.79937, 0.502653, -0.329161, 0.914107, 0.0, 0.0, 0.0, 1.0],
                [-0.254509, -0.19045, -0.948132, -0.253606, -0.555336, 0.831433, -0.017939, 3.795171, 0.791724, 0.521966, -0.317371, 0.910615, 0.0, 0.0, 0.0, 1.0],
                [-0.224998, -0.21015, -0.951427, -0.227503, -0.578746, 0.814373, -0.043013, 3.798634, 0.783855, 0.540956, -0.304856, 0.907515, 0.0, 0.0, 0.0, 1.0],
                [-0.19338, -0.229198, -0.953977, -0.200701, -0.600681, 0.796455, -0.069589, 3.803318, 0.77575, 0.559579, -0.291693, 0.904774, 0.0, 0.0, 0.0, 1.0],
                [-0.15984, -0.247438, -0.955628, -0.17336, -0.620928, 0.777776, -0.09753, 3.809268, 0.767398, 0.577787, -0.277961, 0.902362, 0.0, 0.0, 0.0, 1.0],
                [-0.124598, -0.264733, -0.956238, -0.145649, -0.639298, 0.758453, -0.126676, 3.81651, 0.758797, 0.595538, -0.263745, 0.900252, 0.0, 0.0, 0.0, 1.0],
                [-0.087894, -0.280965, -0.955685, -0.11774, -0.655629, 0.738613, -0.156849, 3.825052, 0.74995, 0.612788, -0.249129, 0.898418, 0.0, 0.0, 0.0, 1.0],
                [-0.049996, -0.296037, -0.953867, -0.089807, -0.669789, 0.718397, -0.187851, 3.834874, 0.740866, 0.629498, -0.234199, 0.896839, 0.0, 0.0, 0.0, 1.0],
                [-0.011187, -0.309877, -0.950711, -0.062023, -0.681686, 0.697953, -0.21947, 3.845944, 0.73156, 0.645631, -0.219046, 0.895492, 0.0, 0.0, 0.0, 1.0],
                [0.028237, -0.322436, -0.94617, -0.034559, -0.69126, 0.677433, -0.251485, 3.858199, 0.722054, 0.661151, -0.203758, 0.894361, 0.0, 0.0, 0.0, 1.0],
                [0.067973, -0.333688, -0.94023, -0.007578, -0.698496, 0.656992, -0.283663, 3.871562, 0.712378, 0.676028, -0.188422, 0.893431, 0.0, 0.0, 0.0, 1.0],
                [0.107716, -0.343633, -0.932906, 0.018767, -0.703418, 0.636781, -0.315774, 3.885933, 0.702567, 0.690237, -0.173126, 0.892685, 0.0, 0.0, 0.0, 1.0],
                [0.14717, -0.352291, -0.924247, 0.044334, -0.706089, 0.616944, -0.34759, 3.901192, 0.692661, 0.703755, -0.157953, 0.892113, 0.0, 0.0, 0.0, 1.0],
                [0.186047, -0.359705, -0.91433, 0.068995, -0.70661, 0.597618, -0.378888, 3.917207, 0.682708, 0.716565, -0.142986, 0.891702, 0.0, 0.0, 0.0, 1.0],
                [0.224077, -0.365934, -0.903262, 0.092637, -0.705115, 0.578927, -0.409459, 3.933833, 0.672757, 0.728654, -0.128301, 0.891442, 0.0, 0.0, 0.0, 1.0],
                [0.261008, -0.371052, -0.891176, 0.115166, -0.701774, 0.560981, -0.439107, 3.950911, 0.662864, 0.740015, -0.113974, 0.891321, 0.0, 0.0, 0.0, 1.0],
                [0.296615, -0.375147, -0.878228, 0.136502, -0.696778, 0.543875, -0.467655, 3.968275, 0.653086, 0.750643, -0.100072, 0.891331, 0.0, 0.0, 0.0, 1.0],
                [0.330695, -0.378316, -0.864591, 0.156583, -0.690342, 0.52769, -0.494946, 3.985756, 0.643482, 0.76054, -0.086662, 0.891459, 0.0, 0.0, 0.0, 1.0],
                [0.363076, -0.38066, -0.850455, 0.175365, -0.682698, 0.512488, -0.520845, 4.003183, 0.634113, 0.76971, -0.073804, 0.891695, 0.0, 0.0, 0.0, 1.0],
                [0.393611, -0.382287, -0.836018, 0.192817, -0.674089, 0.498317, -0.545238, 4.020381, 0.62504, 0.778162, -0.061553, 0.892025, 0.0, 0.0, 0.0, 1.0],
                [0.42218, -0.383303, -0.821488, 0.208922, -0.664764, 0.48521, -0.568033, 4.037183, 0.616323, 0.785907, -0.04996, 0.892439, 0.0, 0.0, 0.0, 1.0],
                [0.448688, -0.383812, -0.807073, 0.223676, -0.654973, 0.473186, -0.589157, 4.053422, 0.608021, 0.792959, -0.039074, 0.89292, 0.0, 0.0, 0.0, 1.0],
                [0.473062, -0.383916, -0.792982, 0.237085, -0.644966, 0.462253, -0.608557, 4.068937, 0.600193, 0.799332, -0.028938, 0.893454, 0.0, 0.0, 0.0, 1.0],
                [0.495249, -0.383709, -0.779421, 0.24916, -0.634984, 0.452411, -0.626194, 4.083574, 0.592894, 0.805042, -0.019593, 0.894025, 0.0, 0.0, 0.0, 1.0],
                [0.51521, -0.383279, -0.766587, 0.259919, -0.625264, 0.443649, -0.642044, 4.097187, 0.586178, 0.810107, -0.011078, 0.894615, 0.0, 0.0, 0.0, 1.0],
                [0.532917, -0.382707, -0.754675, 0.269383, -0.616026, 0.435956, -0.65609, 4.109636, 0.580095, 0.814541, -0.003429, 0.895207, 0.0, 0.0, 0.0, 1.0],
                [0.548353, -0.382065, -0.743865, 0.277573, -0.607483, 0.429314, -0.668322, 4.120789, 0.574694, 0.818362, 0.003318, 0.895781, 0.0, 0.0, 0.0, 1.0],
                [0.5615, -0.381415, -0.73433, 0.284504, -0.599829, 0.423708, -0.678732, 4.130521, 0.57002, 0.82158, 0.009129, 0.896319, 0.0, 0.0, 0.0, 1.0],
                [0.572342, -0.38081, -0.726229, 0.290192, -0.593245, 0.419123, -0.687311, 4.138717, 0.566115, 0.824208, 0.013968, 0.896802, 0.0, 0.0, 0.0, 1.0],
                [0.580853, -0.380295, -0.719712, 0.294641, -0.587895, 0.415549, -0.694045, 4.145264, 0.563018, 0.826253, 0.017799, 0.897209, 0.0, 0.0, 0.0, 1.0],
                [0.587003, -0.379904, -0.714913, 0.297848, -0.583926, 0.412984, -0.69891, 4.150058, 0.560766, 0.827718, 0.020587, 0.897523, 0.0, 0.0, 0.0, 1.0],
                [0.590742, -0.379661, -0.711956, 0.299796, -0.581466, 0.411431, -0.70187, 4.153001, 0.559394, 0.828603, 0.02229, 0.897725, 0.0, 0.0, 0.0, 1.0],
                [0.592007, -0.379579, -0.710948, 0.300455, -0.580625, 0.410908, -0.702872, 4.154001, 0.55893, 0.8289, 0.022867, 0.897796, 0.0, 0.0, 0.0, 1.0]
            ]
        },
        {
            "name": "Leg_ik_L",
            "time": [0.0, 0.0167, 0.0333, 0.05, 0.0667, 0.0833, 0.1, 0.1167, 0.1333, 0.15, 0.1667, 0.1833, 0.2, 0.2167, 0.2333, 0.25, 0.2667, 0.2833, 0.3, 0.3167, 0.3333, 0.35, 0.3667, 0.3833, 0.4, 0.4167, 0.4333, 0.45, 0.4667, 0.4833, 0.5, 0.5167, 0.5333, 0.55, 0.5667, 0.5833, 0.6, 0.6167, 0.6333, 0.65, 0.6667, 0.6833, 0.7, 0.7167, 0.7333, 0.75, 0.7667, 0.7833, 0.8, 0.8167, 0.8333, 0.85, 0.8667, 0.8833, 0.9, 0.9167, 0.9333, 0.95, 0.9667, 0.9833, 1.0, 1.0167, 1.0333, 1.05, 1.0667, 1.0833, 1.1, 1.1167, 1.1333, 1.15, 1.1667, 1.1833, 1.2, 1.2167, 1.2333, 1.25, 1.2667, 1.2833, 1.3, 1.3167, 1.3333, 1.35, 1.3667, 1.3833, 1.4, 1.4167, 1.4333, 1.45, 1.4667, 1.4833, 1.5],
            "transform": [
                [1.0, 0.0, 1e-06, -0.342148, 0.0, 1.0, -0.0, 0.565207, -1e-06, 0.0, 1.0, -0.020722, 0.0, 0.0, 0.0, 1.0],
                [1.0, 0.0, 1e-06, -0.342148, 0.0, 1.0, -0.0, 0.565207, -1e-06, 0.0, 1.0, -0.020722, 0.0, 0.0, 0.0, 1.0],
                [1.0, 0.0, 1e-06, -0.342148, 0.0, 1.0, -0.0, 0.565207, -1e-06, 0.0, 1.0, -0.020722, 0.0, 0.0, 0.0, 1.0],
                [1.0, 0.0, 1e-06, -0.342148, 0.0, 1.0, -0.0, 0.565207, -1e-06, 0.0, 1.0, -0.020722, 0.0, 0.0, 0.0, 1.0],
                [1.0, 0.0, 1e-06, -0.342148, 0.0, 1.0, -0.0, 0.565207, -1e-06, 0.0, 1.0, -0.020722, 0.0, 0.0, 0.0, 1.0],
                [1.0, 0.0, 1e-06, -0.342148, 0.0, 1.0, -0.0, 0.565207, -1e-06, 0.0, 1.0, -0.020722, 0.0, 0.0, 0.0, 1.0],
                [1.0, 0.0, 1e-06, -0.342148, 0.0, 1.0, -0.0, 0.565207, -1e-06, 0.0, 1.0, -0.020722, 0.0, 0.0, 0.0, 1.0],
                [1.0, 0.0, 1e-06, -0.342148, 0.0, 1.0, -0.0, 0.565207, -1e-06, 0.0, 1.0, -0.020722, 0.0, 0.0, 0.0, 1.0],
                [1.0, 0.0, 1e-06, -0.342148, 0.0, 1.0, -0.0, 0.565207, -1e-06, 0.0, 1.0, -0.020722, 0.0, 0.0, 0.0, 1.0],
                [1.0, 0.0, 1e-06, -0.342148, 0.0, 1.0, -0.0, 0.565207, -1e-06, 0.0, 1.0, -0.020722, 0.0, 0.0, 0.0, 1.0],
                [1.0, 0.0, 1e-06, -0.342148, 0.0, 1.0, -0.0, 0.565207, -1e-06, 0.0, 1.0, -0.020722, 0.0, 0.0, 0.0, 1.0],
                [1.0, 0.0, 1e-06, -0.342148, 0.0, 1.0, -0.0, 0.565207, -1e-06, 0.0, 1.0, -0.020722, 0.0, 0.0, 0.0, 1.0],
                [1.0, 0.0, 1e-06, -0.342148, 0.0, 1.0, -0.0, 0.565207, -1e-06, 0.0, 1.0, -0.020722, 0.0, 0.0, 0.0, 1.0],
                [1.0, 0.0, 1e-06, -0.342148, 0.0, 1.0, -0.0, 0.565207, -1e-06, 0.0, 1.0, -0.020722, 0.0, 0.0, 0.0, 1.0],
                [1.0, 0.0, 1e-06, -0.342148, 0.0, 1.0, -0.0, 0.565207, -1e-06, 0.0, 1.0, -0.020722, 0.0, 0.0, 0.0, 1.0],
                [1.0, 0.0, 1e-06, -0.342148, 0.0, 1.0, -0.0, 0.565207, -1e-06, 0.0, 1.0, -0.020722, 0.0, 0.0, 0.0, 1.0],
                [1.0, 0.0, 1e-06, -0.342148, 0.0, 1.0, -0.0, 0.565207, -1e-06, 0.0, 1.0, -0.020722, 0.0, 0.0, 0.0, 1.0],
                [1.0, 0.0, 1e-06, -0.342148, 0.0, 1.0, -0.0, 0.565207, -1e-06, 0.0, 1.0, -0.020722, 0.0, 0.0, 0.0, 1.0],
                [1.0, 0.0, 1e-06, -0.342148, 0.0, 1.0, -0.0, 0.565207, -1e-06, 0.0, 1.0, -0.020722, 0.0, 0.0, 0.0, 1.0],
                [1.0, 0.0, 1e-06, -0.342148, 0.0, 1.0, -0.0, 0.565207, -1e-06, 0.0, 1.0, -0.020722, 0.0, 0.0, 0.0, 1.0],
                [1.0, 0.0, 1e-06, -0.342148, 0.0, 1.0, -0.0, 0.565207, -1e-06, 0.0, 1.0, -0.020722, 0.0, 0.0, 0.0, 1.0],
                [1.0, 0.0, 1e-06, -0.342148, 0.0, 1.0, -0.0, 0.699059, -1e-06, 0.0, 1.0, -0.020722, 0.0, 0.0, 0.0, 1.0],
                [1.0, 0.0, 1e-06, -0.342148, 0.0, 1.0, -0.0, 1.038052, -1e-06, 0.0, 1.0, -0.020722, 0.0, 0.0, 0.0, 1.0],
                [1.0, 0.0, 1e-06, -0.342148, 0.0, 1.0, -0.0, 1.488337, -1e-06, 0.0, 1.0, -0.020722, 0.0, 0.0, 0.0, 1.0],
                [1.0, 0.0, 1e-06, -0.342148, 0.0, 1.0, -0.0, 1.956069, -1e-06, 0.0, 1.0, -0.020722, 0.0, 0.0, 0.0, 1.0],
                [1.0, 0.0, 1e-06, -0.342148, 0.0, 1.0, -0.0, 2.347399, -1e-06, 0.0, 1.0, -0.020722, 0.0, 0.0, 0.0, 1.0],
                [1.0, 0.0, 1e-06, -0.342148, 0.0, 1.0, -0.0, 2.653421, -1e-06, 0.0, 1.0, -0.020722, 0.0, 0.0, 0.0, 1.0],
                [1.0, 0.0, 1e-06, -0.342148, 0.0, 1.0, -0.0, 2.928861, -1e-06, 0.0, 1.0, -0.020722, 0.0, 0.0, 0.0, 1.0],
                [1.0, 0.0, 1e-06, -0.342148, 0.0, 1.0, -0.0, 3.17533, -1e-06, 0.0, 1.0, -0.020722, 0.0, 0.0, 0.0, 1.0],
                [1.0, 0.0, 1e-06, -0.342148, 0.0, 1.0, -0.0, 3.394439, -1e-06, 0.0, 1.0, -0.020722, 0.0, 0.0, 0.0, 1.0],
                [1.0, 0.0, 1e-06, -0.342148, 0.0, 1.0, -0.0, 3.587798, -1e-06, 0.0, 1.0, -0.020722, 0.0, 0.0, 0.0, 1.0],
                [1.0, 0.0, 1e-06, -0.342148, 0.0, 1.0, -0.0, 3.757017, -1e-06, 0.0, 1.0, -0.020722, 0.0, 0.0, 0.0, 1.0],
                [1.0, 0.0, 1e-06, -0.342148, 0.0, 1.0, -0.0, 3.903705, -1e-06, 0.0, 1.0, -0.020722, 0.0, 0.0, 0.0, 1.0],
                [1.0, 0.0, 1e-06, -0.342148, 0.0, 1.0, -0.0, 4.029474, -1e-06, 0.0, 1.0, -0.020722, 0.0, 0.0, 0.0, 1.0],
                [1.0, 0.0, 1e-06, -0.342148, 0.0, 1.0, -0.0, 4.135933, -1e-06, 0.0, 1.0, -0.020722, 0.0, 0.0, 0.0, 1.0],
                [1.0, 0.0, 1e-06, -0.342148, 0.0, 1.0, -0.0, 4.224692, -1e-06, 0.0, 1.0, -0.020722, 0.0, 0.0, 0.0, 1.0],
                [1.0, 0.0, 1e-06, -0.342148, 0.0, 1.0, -0.0, 4.297362, -1e-06, 0.0, 1.0, -0.020722, 0.0, 0.0, 0.0, 1.0],
                [1.0, 0.0, 1e-06, -0.342148, 0.0, 1.0, -0.0, 4.355554, -1e-06, 0.0, 1.0, -0.020722, 0.0, 0.0, 0.0, 1.0],
                [1.0, 0.0, 1e-06, -0.342148, 0.0, 1.0, -0.0, 4.400876, -1e-06, 0.0, 1.0, -0.020722, 0.0, 0.0, 0.0, 1.0],
                [1.0, 0.0, 1e-06, -0.342148, 0.0, 1.0, -0.0, 4.434939, -1e-06, 0.0, 1.0, -0.020722, 0.0, 0.0, 0.0, 1.0],
                [1.0, 0.0, 1e-06, -0.342148, 0.0, 1.0, -0.0, 4.459354, -1e-06, 0.0, 1.0, -0.020722, 0.0, 0.0, 0.0, 1.0],
                [1.0, 0.0, 1e-06, -0.342148, 0.0, 1.0, -0.0, 4.47573, -1e-06, 0.0, 1.0, -0.020722, 0.0, 0.0, 0.0, 1.0],
                [1.0, 0.0, 1e-06, -0.342148, 0.0, 1.0, -0.0, 4.485678, -1e-06, 0.0, 1.0, -0.020722, 0.0, 0.0, 0.0, 1.0],
                [1.0, 0.0, 1e-06, -0.342148, 0.0, 1.0, -0.0, 4.490808, -1e-06, 0.0, 1.0, -0.020722, 0.0, 0.0, 0.0, 1.0],
                [1.0, 0.0, 1e-06, -0.342148, 0.0, 1.0, -0.0, 4.492731, -1e-06, 0.0, 1.0, -0.020722, 0.0, 0.0, 0.0, 1.0],
                [1.0, 0.0, 1e-06, -0.342148, 0.0, 1.0, -0.0, 4.493054, -1e-06, 0.0, 1.0, -0.020722, 0.0, 0.0, 0.0, 1.0],
                [1.0, 0.0, 1e-06, -0.342063, 0.0, 1.0, -0.0, 4.493123, -1e-06, 0.0, 1.0, -0.020722, 0.0, 0.0, 0.0, 1.0],
                [1.0, 0.0, 1e-06, -0.341815, 0.0, 1.0, -0.0, 4.493203, -1e-06, 0.0, 1.0, -0.020722, 0.0, 0.0, 0.0, 1.0],
                [1.0, 0.0, 1e-06, -0.34141, 0.0, 1.0, -0.0, 4.493294, -1e-06, 0.0, 1.0, -0.020722, 0.0, 0.0, 0.0, 1.0],
                [1.0, 0.0, 1e-06, -0.340856, 0.0, 1.0, -0.0, 4.493395, -1e-06, 0.0, 1.0, -0.020722, 0.0, 0.0, 0.0, 1.0],
                [1.0, 0.0, 1e-06, -0.340162, 0.0, 1.0, -0.0, 4.493507, -1e-06, 0.0, 1.0, -0.020722, 0.0, 0.0, 0.0, 1.0],
                [1.0, 0.0, 1e-06, -0.339334, 0.0, 1.0, -0.0, 4.493629, -1e-06, 0.0, 1.0, -0.020722, 0.0, 0.0, 0.0, 1.0],
                [1.0, 0.0, 1e-06, -0.33838, 0.0, 1.0, -0.0, 4.493758, -1e-06, 0.0, 1.0, -0.020722, 0.0, 0.0, 0.0, 1.0],
                [1.0, 0.0, 1e-06, -0.337308, 0.0, 1.0, -0.0, 4.493896, -1e-06, 0.0, 1.0, -0.020722, 0.0, 0.0, 0.0, 1.0],
                [1.0, 0.0, 1e-06, -0.336125, 0.0, 1.0, -0.0, 4.494042, -1e-06, 0.0, 1.0, -0.020722, 0.0, 0.0, 0.0, 1.0],
                [1.0, 0.0, 1e-06, -0.334839, 0.0, 1.0, -0.0, 4.494195, -1e-06, 0.0, 1.0, -0.020722, 0.0, 0.0, 0.0, 1.0],
                [1.0, 0.0, 1e-06, -0.333458, 0.0, 1.0, -0.0, 4.494353, -1e-06, 0.0, 1.0, -0.020722, 0.0, 0.0, 0.0, 1.0],
                [1.0, 0.0, 1e-06, -0.33199, 0.0, 1.0, -0.0, 4.494517, -1e-06, 0.0, 1.0, -0.020722, 0.0, 0.0, 0.0, 1.0],
                [1.0, 0.0, 1e-06, -0.330441, 0.0, 1.0, -0.0, 4.494687, -1e-06, 0.0, 1.0, -0.020722, 0.0, 0.0, 0.0, 1.0],
                [1.0, 0.0, 1e-06, -0.32882, 0.0, 1.0, -0.0, 4.494861, -1e-06, 0.0, 1.0, -0.020722, 0.0, 0.0, 0.0, 1.0],
                [1.0, 0.0, 1e-06, -0.327134, 0.0, 1.0, -0.0, 4.495039, -1e-06, 0.0, 1.0, -0.020722, 0.0, 0.0, 0.0, 1.0],
                [1.0, 0.0, 1e-06, -0.325391, 0.0, 1.0, -0.0, 4.49522, -1e-06, 0.0, 1.0, -0.020722, 0.0, 0.0, 0.0, 1.0],
                [1.0, 0.0, 1e-06, -0.323598, 0.0, 1.0, -0.0, 4.495404, -1e-06, 0.0, 1.0, -0.020722, 0.0, 0.0, 0.0, 1.0],
                [1.0, 0.0, 1e-06, -0.321763, 0.0, 1.0, -0.0, 4.495589, -1e-06, 0.0, 1.0, -0.020722, 0.0, 0.0, 0.0, 1.0],
                [1.0, 0.0, 1e-06, -0.319894, 0.0, 1.0, -0.0, 4.495776, -1e-06, 0.0, 1.0, -0.020722, 0.0, 0.0, 0.0, 1.0],
                [1.0, 0.0, 1e-06, -0.317998, 0.0, 1.0, -0.0, 4.495964, -1e-06, 0.0, 1.0, -0.020722, 0.0, 0.0, 0.0, 1.0],
                [1.0, 0.0, 1e-06, -0.316084, 0.0, 1.0, -0.0, 4.496151, -1e-06, 0.0, 1.0, -0.020722, 0.0, 0.0, 0.0, 1.0],
